0.5056778 0 0 0 0.4316182 0 0 0.3561812 0 0.401648
0.4496273 0 0 0 0.388112 0 0 0.2787982 0 0.3925407
0.5272791 0 0 0 0.3803341 0 0 0.2431978 0 0.4435998
0.4569057 0 0 0 0.4022951 0 0 0.3019128 0 0.412804
0.5254718 0 0 0 0.3807541 0 0 0.2968271 0 0.4428197
0.5073632 0 0 0 0.3896167 0 0 0.2823281 0 0.5314503
0.6105018 0 0 0 0.4287121 0 0 0.2576246 0 0.4237377
0.5027907 0 0 0 0.3975139 0 0 0.3266442 0 0.5046411
0.5560481 0 0 0 0.3780032 0 0 0.3012822 0 0.4550472
0.5735213 0 0 0 0.4241286 0 0 0.2929306 0 0.3592295
0.6523543 0 0 0 0.4134775 0 0 0.3306985 0 0.4103046
0.635753 0 0 0 0.4398984 0 0 0.266815 0 0.4746415
0.6114309 0 0 0 0.3738814 0 0 0.3062253 0 0.4775701
0.5925236 0 0 0 0.3462598 0 0 0.3709573 0 0.5258934
0.6160789 0 0 0 0.3370966 0 0 0.3379455 0 0.3931101
0.5858657 0 0 0 0.4085675 0 0 0.3030041 0 0.3880696
0.5830714 0 0 0 0.3705652 0 0 0.3542062 0 0.4620541
0.5802301 0 0 0 0.4655103 0 0 0.3094296 0 0.5093652
0.6136027 0 0 0 0.4142841 0 0 0.3007251 0 0.4900553
0.6246887 0 0 0 0.4154529 0 0 0.3277777 0 0.4866804
0.5759496 0 0 0 0.4044045 0 0 0.3303234 0 0.4930603
0.5823083 0 0 0 0.4287816 0 0 0.2935515 0 0.4671366
0.4736115 0 0 0 0.4219585 0 0 0.2734582 0 0.4854567
0.560607 0 0 0 0.408064 0 0 0.3225684 0 0.4827369
0.6003652 0 0 0 0.4533964 0 0 0.5677837 0 0.5649872
0.5676113 0 0 0 0.4738024 0 0 0.4484053 0 0.5401389
0.5540448 0 0 0 0.4632793 0 0 0.4891333 0 0.5696912
0.4917627 0 0 0 0.4188745 0 0 0.4502017 0 0.5256255
0.546032 0 0 0 0.4493303 0 0 0.3933427 0 0.6388244
0.5110229 0 0 0 0.4429551 0 0 0.4444356 0 0.6028358
0.5197019 0 0 0 0.4940197 0 0 0.4295646 0 0.5379497
0.5412727 0 0 0 0.439258 0 0 0.4452593 0 0.6288706
0.5798275 0 0 0 0.4238709 0 0 0.4041982 0 0.601051
0.6297676 0 0 0 0.4021192 0 0 0.4368902 0 0.4733285
0.6452366 0 0.5347072
0.5362003 0 0.5390859
0.5831042 0 0.5589175
0.5404284 0 0.5718609
0.5625468 0 0.5620479
0.5993477 0 0.5987623
0.5467096 0 0.639954
0.5398178 0 0.6027296
0.6251127 0 0.5936185
0.5055618 0 0.5697736
0.6378091 0.175576 0.6169252
0.669154 0.1183951 0.7119084
0.6670788 0.1381897 0.5860785
0.6592274 0.1763342 0.6027566
0.5871827 0.08286118 0.5346172
0.6866874 0.09463375 0.5341325
0.6398531 0.09829094 0.6175263
0.6630516 0.1338962 0.6672472
0.5568969 0.0708458 0.5929577
0.683764 0.1166853 0.624543
0.4837728 0.04947563 -0.08706781 0.03686933 0.5626794 0.3147665 0.2023364 0.5935134 0.1238347 0.5415508
0.505232 0.04967664 -0.1402654 0.003028715 0.6176765 0.3208148 0.2267299 0.6457167 0.1479134 0.6137343
0.4955291 0.1084596 -0.0882212 0.09115253 0.5524693 0.3663241 0.205364 0.7284142 0.1434776 0.6187824
0.5090348 0.08300189 -0.138743 0.05049541 0.612371 0.3851 0.1870039 0.7601725 0.1678014 0.5672846
0.5390891 0.1260548 -0.1009516 0.06836781 0.5643297 0.2873839 0.1655992 0.6409497 0.1387528 0.6201436
0.5593176 0.1178952 -0.09898203 0.06757288 0.5012709 0.2461808 0.1558829 0.5719523 0.1014638 0.6056211
0.5621094 0.1172033 -0.04573572 0.1000916 0.5395945 0.2535052 0.1315472 0.5918115 0.07761892 0.5546142
0.6258542 0.1427813 -0.07453305 0.06570704 0.5786138 0.2685281 0.2080306 0.5817052 0.1100005 0.6150564
0.4594923 0.1453403 -0.03583395 0.0942767 0.5699801 0.3026203 0.1980994 0.5288343 0.138272 0.5710286
0.5997302 0.098195 -0.09005199 0.1037929 0.5919828 0.3169608 0.166809 0.5848515 0.09616106 0.5846873
0.5429591 0.02297056 -0.1260674 0.002517902 0.6406538 0.3285787 0.1651028 0.5487086 0.1139083 0.6129522
0.6127699 0.01488643 -0.1774757 0.0366866 0.5814976 0.3570058 0.1960639 0.6756211 0.1338855 0.5654883
0.6370976 0.02247412 -0.2147029 0.0111582 0.5791737 0.3297921 0.1748004 0.6949747 0.1605225 0.6473855
0.5899796 0.07611376 -0.1042503 0.08122698 0.5793996 0.3035128 0.1624266 0.6105426 0.1376511 0.5645153
0.5169282 0.08656197 -0.07867783 0.07494992 0.5847384 0.2427026 0.117909 0.4858003 0.092525 0.5610999
0.5421318 0.06682013 -0.1306504 0.06759582 0.6547153 0.3275037 0.2201421 0.6487853 0.1193823 0.5970565
0.5176221 0.04284805 -0.1616951 0.07695283 0.5756118 0.3082308 0.1629768 0.6079294 0.114291 0.5990712
0.6025111 0.09801768 -0.1150464 0.04830132 0.6597043 0.3953562 0.1912295 0.6706491 0.1639204 0.6129275
0.6062891 0.1161737 -0.1089134 0.07567886 0.6079044 0.3080484 0.1572317 0.6033324 0.09917936 0.5216681
0.5844069 0.1140885 -0.08557858 0.06471693 0.5803865 0.3329439 0.1551849 0.6568408 0.1290462 0.5609281
0.6499354 0.1464479 0.5616019
0.6007192 0.1183293 0.6289031
0.6547136 0.1086821 0.611589
0.555585 0.09593858 0.6299612
0.5518365 0.1120749 0.5691311
0.5977449 0.1451396 0.634743
0.5267568 0.08106578 0.5835191
0.5422757 0.09655503 0.5784263
0.5335761 0.09691354 0.5421743
0.5996494 0.08731588 0.5893808
0.536406 0.1455658 0.6174425
0.5882195 0.1024836 0.574157
0.5863251 0.0005639136 0.5079548
0.6479679 0.07138172 0.5279369
0.5798518 0.063571 0.5979238
0.512016 0.08287472 0.5716121
0.5021253 0.04393552 0.6098517
0.5399129 0.04973852 0.5190997
0.577445 0.09715335 0.5609885
0.5809065 0.1134736 0.6468047
0.6593967 0.08667813 0.6253824
0.5425551 0.08672536 0.6487459
0.6273306 0.0963867 0.5772806
0.6481996 0.1433801 0.6293544
0.6466505 0.1007761 0.5778686
0.5415507 0.07862077 0.567704
0.5445247 0.1323043 0.636358
0.6007177 0.1461667 0.5871321
0.6109346 0.128204 0.6503501
0.7254246 0.2212649 0.7198745
0.6672099 0.1919741 0.6081947
0.6569596 0.1122808 0.5496364
0.6502402 0.08926607 0.5602792
0.5625002 0.1131017 0.5637386
0.5365739 0.08353228 0.5488073
0.6091301 0.0961223 0.5844821
0.6802462 0.1420132 0.6758672
0.7013296 0.107513 0.5635004
0.6849965 0.1307206 0.5981971
0.6379706 0.1227284 0.5803144
0.6561507 0.1229178 0.6675041
0.6772479 0.09893785 0.6622248
0.6413248 0.06948945 0.5909613
0.6578693 0.1450398 0.7239238
0.7144693 0.1685517 0.6380313
0.8127561 0.1654756 0.6278724
0.6618164 0.1264142 0.6479047
0.6787765 0.1089775 0.6447156
0.5316174 0.09483729 0.5865323
0.6192539 0.09154842 0.5045449
0.6179001 0.1282096 0.7572381
0.6228984 0.08489327 0.5767474
0.5876999 0.08567594 0.5618191
0.6519933 0.09221637 0.5923419
0.6403412 0.08683193 0.5904001
0.686682 0.07485972 0.5966729
0.7299047 0.1327368 0.5809506
0.672126 0.1056282 0.6200982
0.5720617 0.06665526 0.5909475
0.6242178 0.07932682 0.6421369
0.5553462 0.08263796 0.6154015
0.6844203 0.07040809 0.6437568
0.5705283 0.1173535 0.5967914
0.5789487 0.1592893 0.6716852
0.663953 0.1091181 0.6393327
0.592144 0.1064866 0.5715942
0.5715128 0.08251989 0.4978826
0.5537305 0.03621824 0.5194301
0.6300148 0.1449146 0.583473
0.6073374 0.1007659 0.581895
0.6271399 0.1191688 0.6188592
0.675859 0.1571562 0.7369691
0.5884507 0.08270015 0.5446805
0.589967 0.0826473 0.6591201
0.6244515 0.1137835 0.6544807
0.5735758 0.09970973 0.6261169
0.6030368 0.09142476 0.6373781
0.5374809 0.114705 0.6237309
0.5658654 0.1095822 0.5862188
0.604092 0.1273042 0.6075765
0.7110735 0.1334673 0.5718634
0.7150072 0.09088954 0.5649086
0.6790954 0.1055314 0.5425711
0.5939721 0.1080089 0.5829154
0.6774934 0.07188432 0.6327999
0.7124031 0.09309081 0.6441704
0.7111787 0.1043739 0.5974098
0.7135303 0.1425253 0.519871
0.6239829 0.1399572 0.5625805
0.6371568 0.161998 0.6467938
0.6155477 0.1258668 0.5999261
0.6146422 0.1271748 0.6347047
0.6551969 0.06590459 0.6308388
0.5845551 0.1247099 0.6456574
0.6424986 0.07479518 0.5013023
0.6074632 0.1005221 0.6433391
0.6290549 0.1048359 0.5625339
0.6085016 0.07123833 0.5926782
0.6107667 0.06336117 0.6221216
0.6935162 0.09969684 0.680023
0.6879461 0.1126518 0.5837156
0.6734582 0.1258382 0.6741939
0.7324086 0.175714 0.7802955
0.7196673 0.1196485 0.6619592
0.6308061 0.119468 0.6475576
0.5739346 0.1119701 0.6732836
0.5755209 0.1515231 0.7350079
0.6147755 0.1474406 0.7312914
0.7092317 0.1260779 0.6745556
0.5811664 0.09845107 0.6265131
0.6221224 0.1518972 0.5827043
0.5356843 0.1266418 0.5726847
0.5925631 0.108786 0.5407722
0.5898864 0.1780654 0.6551562
0.601963 0.1746041 0.5751669
0.6247571 0.09591734 0.6142861
0.6759768 0.1759744 0.6021979
0.6392834 0.1545473 0.6193867
0.5826847 0.1048772 0.5738153
0.5168394 0.1085381 0.5497786
0.626549 0.1365956 0.6637545
0.5671752 0.1867223 0.6301768
0.5563953 0.0926676 0.6052365
0.6620205 0.1527435 0.5703869
0.5915943 0.1064568 0.5938547
0.6369366 0.09082022 0.5947311
0.6101193 0.1202245 0.600768
0.6636869 0.1098668 0.6047852
0.6070978 0.08264449 0.5288449
0.5482241 0.08475176 0.5192698
0.5891242 0.05688078 0.4859964
0.6273081 0.07360063 0.5839437
0.5475221 0.09456072 0.6455642
0.5812859 0.0736791 0.5385655
0.7088106 0.1030812 0.6271328
0.6890174 0.119223 0.5170057
0.6379418 0.05097649 0.5884137
0.5863776 0.09443018 0.6031309
0.578547 0.09090801 0.7004141
0.7141064 0.08751709 0.5735777
0.7050571 0.1110915 0.5565257
0.6289626 0.03455011 0.5528872
0.6541194 0.1203369 0.6147113
0.6052938 0.07725393 0.6027418
0.7212212 0.1686092 0.7366051
0.6534638 0.09736899 0.5812774
0.611469 0.1361042 0.6855371
0.6777081 0.06100717 0.5673475
0.6199716 0.06539482 0.5620424
0.7143888 0.06951377 0.5757397
0.6994478 0.1128266 0.6111043
0.7465027 0.1284587 0.5743939
0.7411844 0.0997697 0.6393637
0.6241078 0.1098994 0.5930116
0.6800236 0.06473518 0.5554778
0.662424 0.03066868 0.5053873
0.5707006 0.0491651 0.5354931
0.6083484 0.1023941 0.5919899
0.6050991 0.09948913 0.6410437
0.5326496 0.07539297 0.6334944
0.5548323 0.04364744 0.6120247
0.6208242 0.09185612 0.6657614
0.6410272 0.1513671 0.6467888
0.6690115 0.1298741 0.6330737
0.6651126 0.1305052 0.7227785
0.5507576 0.07621379 0.6930733
0.5530291 0.1141545 0.6278409
0.6033511 0.09758907 0.6645622
0.5234142 0.1074826 0.630441
0.6156003 0.1337359 0.647526
0.5842885 0.1329063 0.6966734
0.6767295 0.1689554 0.7200002
0.6156454 0.1224907 0.6559312
0.5745931 0.09728305 0.5996342
0.5562544 0.1272865 0.7046786
0.52691 0.1087022 0.6453167
0.6026655 0.1154575 0.6818801
0.5889633 0.02968808 0.6157768
0.5791521 0.09029903 0.6326428
0.5360194 0.1156931 0.6465493
0.6833772 0.0977926 0.6191509
0.5876282 0.07977245 0.6735966
0.7006038 0.1010988 0.641237
0.5636553 0.0926919 0.6384764
0.5830761 0.09105666 0.6267932
0.5779199 0.05757848 0.6319568
0.6411809 0.1104508 0.6042649
0.6217497 0.1316568 0.6388052
0.6404412 0.0952804 0.5634408
0.5901902 0.1152685 0.6549911
0.6032302 0.09862759 0.6050132
0.6457465 0.1781283 0.5922866
0.5617777 0.05922119 0.55675
0.5897092 0.0916906 0.5577011
0.6316868 0.1667748 0.6686164
0.5425168 0.06664464 0.6252798
0.5292603 0.03707804 0.6709003
0.5734087 0.1498293 0.5567638
0.6103803 0.07782557 0.5611149
0.625219 0.1721775 0.6314479
0.5601045 0.0785154 0.5796181
0.5989832 0.1759709 0.6416676
0.5819626 0.1354707 0.6682443
0.6152623 0.149238 0.6443472
0.7057387 0.1478197 0.6352234
0.7631733 0.1377271 0.5790548
0.7424856 0.1066066 0.5106562
0.611924 0.07735613 0.5849925
0.6321472 0.1205459 0.6249109
0.6476152 0.1045939 0.6669123
0.5980817 0.1520851 0.5941081
0.630249 0.1921902 0.6038186
0.5663237 0.08781099 0.5520516
0.6728681 0.06683999 0.5245786
0.5452766 0.1499772 0.6404805
0.5222428 0.09122411 0.5720847
0.616678 0.0002053493 0.5878471
0.5667937 0.023077 0.5298941
0.5699437 0.08549957 0.5801264
0.5495051 0.06707798 0.5571217
0.6263438 0.1081739 0.5248808
0.5808775 0.1072501 0.5847774
0.5938191 0.169614 0.6628654
0.7817223 0.109079 0.6212945
0.5433491 0.1322567 0.5444675
0.6793653 0.141881 0.6830155
0.5781551 0.1217906 0.6113246
0.6507049 0.1603748 0.6624119
0.7574293 0.2504046 0.6732598
0.6179377 0.1373193 0.6604967
0.5875861 0.1325853 0.5751692
0.6612156 0.1695871 0.6655481
0.6072769 0.1480953 0.6528943
0.6604794 0.137043 0.5951029
0.6728837 0.1771677 0.6437879
0.5602389 0.104518 0.5854786
0.5688232 0.06873296 0.5018613
0.6649532 0.07618312 0.530102
0.508835 0.06705045 0.5920039
0.6454185 0.08757254 0.5824205
0.553131 0.08243673 0.5429534
0.6137555 0.08224234 0.5737587
0.6152025 0.1183409 0.6303178
0.624314 0.1235671 0.6000187
0.637297 0.06263232 0.6058626
0.6516703 0.1407944 0.688277
0.6106263 0.07952583 0.669567
0.5695908 0.08645841 0.5716719
0.6943537 0.09316874 0.6779602
0.6739071 0.1392113 0.6561425
0.5605014 0.08565244 0.6532711
0.6534396 0.1685058 0.7363527
0.5773322 0.1010903 0.6410602
0.6061748 0.02627914 0.5834227
0.5556525 0.06751463 0.6373847
0.5467478 0.05551734 0.5811664
0.5861011 0.06412561 0.6228308
0.688345 0.08935484 0.6137983
0.583352 0.02804482 0.6521297
0.5788083 0.02750097 0.6055449
0.6497808 0.09326349 0.6706516
0.6635217 0.06081286 0.5903455
0.5951845 0.0608127 0.6123866
0.6512199 0.05028463 0.5697433
0.6408807 0.03461965 0.6092505
0.6022531 0.04864086 0.6085055
0.5868076 0.1239369 0.7158505
0.6265187 0.1100567 0.6149015
0.537365 0.03347888 0.5755649
0.5341281 0.01036654 0.5834243
0.6108925 0.04331535 0.5715254
0.6338264 0.03304735 0.6144001
0.681726 0.098218 0.6162373
0.6506067 0.1243327 0.5278
0.5698092 0.05543365 0.5620953
0.7266235 0.2078021 0.6231748
0.6325956 0.117183 0.6295056
0.6549114 0.1677108 0.5948601
0.63084 0.1113811 0.5825373
0.6392732 0.135715 0.5651736
0.6292357 0.1603915 0.6104927
0.5122744 0.1122327 0.6200125
0.5211191 0.1118345 0.5962254
0.6623341 0.1192872 0.5759583
0.599138 0.179722 0.6849969
0.6665606 0.0776945 0.5640543
0.6107868 0.06065021 0.487212
0.5850254 0.08801867 0.6060562
0.6570131 0.1487593 0.6123616
0.6636799 0.09594437 0.6075574
0.5552722 0.06661311 0.6353888
0.6318083 0.0950636 0.595643
0.5913651 0.1239696 0.5472815
0.6378521 0.09947738 0.5558827
0.5925677 0.1460575 0.6494974
0.5835733 0.07809552 0.5903559
0.5706861 0.09739993 0.496403
0.5823708 0.1159109 0.5579322
0.6360779 0.1247592 0.5446276
0.6799993 0.1035172 0.5819609
0.6054472 0.07226129 0.4989131
0.5798786 0.09604137 0.5798371
0.6004955 0.02424768 0.523277
0.6722575 0.1481835 0.600428
0.5780184 0.1424547 0.6696799
0.6274918 0.1254482 0.5695615
0.6814361 0.146198 0.6861135
0.7451521 0.1691379 0.5656125
0.6120782 0.1085747 0.5158267
0.6505157 0.1163762 0.5476376
0.6362981 0.07503089 0.5666767
0.5922579 0.1550028 0.6294237
0.5959645 0.08668718 0.6524977
0.54218 0.113646 0.6591712
0.5685784 0.1534867 0.6123237
0.6302796 0.08111537 0.6404661
0.6794789 0.09487112 0.5786719
0.6170533 0.0704508 0.5649559
0.6251358 0.09008893 0.5355699
0.6727037 0.09474446 0.4958692
0.580888 0.06327985 0.5386905
0.5822637 0.03524556 0.5957931
0.5403375 0.1282669 0.6245218
0.6139914 0.1606291 0.6465946
0.610128 0.1827399 0.6927334
0.5556693 0.1330578 0.5681144
0.6103088 0.1222725 0.6003964
0.6373072 0.153019 0.5477352
0.568844 0.1139767 0.5520026
0.5662814 0.1138726 0.6113736
0.5530082 0.09796413 0.5192534
0.5057122 0.09306641 0.5455511
0.6538938 0.09068374 0.6636094
0.6634678 0.06749416 0.5601959
0.5794373 0.119133 0.5078686
0.6207594 0.1142589 0.5897286
0.5338796 0.0389432 0.5827
0.6904925 0.08731469 0.6643799
0.6144588 0.06046119 0.5509495
0.6899313 0.08344111 0.5699124
0.7530251 0.1281087 0.5458623
0.7503012 0.1025391 0.6514362
0.6875518 0.1072004 0.6218114
0.6318686 0.07629425 0.5296002
0.7156275 0.1051678 0.5187605
0.6122767 0.160551 0.5544427
0.728621 0.134982 0.630049
0.633666 0.1126885 0.6633302
0.6901729 0.1183594 0.6248942
0.6843139 0.1501388 0.5546639
0.6934894 0.1167025 0.6285572
0.7435113 0.1630363 0.5981817
0.6522455 0.06861502 0.5817325
0.6826933 0.07875839 0.6485563
0.6747111 0.1245453 0.6475186
0.7056806 0.1001087 0.6389271
0.7189243 0.0756581 0.6094841
0.6092185 0.04541131 0.6047008
0.6926361 0.04144365 0.4986718
0.5901394 0.03304934 0.5873991
0.5943641 0.01885319 0.5716391
0.6975546 0.09979551 0.5634384
0.5892614 0.05098605 0.5614876
0.6009332 0.08648732 0.6465568
0.5538189 0.1036895 0.6068891
0.6362265 0.09489095 0.6256048
0.620863 0.08025385 0.5844755
0.651795 0.1072331 0.6419973
0.5639006 0.1244951 0.6326407
0.6278226 0.1141295 0.5514538
0.6191868 0.09947231 0.5970281
0.6719814 0.07969426 0.5715379
0.5684845 0.09650064 0.6434935
0.577324 0.03925215 0.5813221
0.6225866 0.06770605 0.6436436
0.6607914 0.09325338 0.6088694
0.6203327 0.090739 0.5940729
0.6662751 0.1017605 0.7174631
0.6369201 0.1006936 0.671436
0.735596 0.1744344 0.5934873
0.6779756 0.09486198 0.5852452
0.6792444 0.05911559 0.5596289
0.6882877 0.1295082 0.6557067
0.6659154 0.1410616 0.6034381
0.7137037 0.1400677 0.6136747
0.6941773 0.09265271 0.6439158
0.6541873 0.06120267 0.5733396
0.6606302 0.0735807 0.5908907
0.6284534 0.08112428 0.5567147
0.6273935 0.08783462 0.5939766
0.644852 0.08968957 0.5878693
0.6928868 0.1461682 0.6822943
0.6046744 0.1314474 0.6365784
0.6178748 0.1244439 0.6060424
0.6481225 0.08954029 0.5981435
0.6463648 0.1622108 0.67483
0.5589022 0.07619126 0.6291045
0.5982741 0.07546788 0.6596607
0.5496062 0.08328622 0.7024141
0.614084 0.1152083 0.5799698
0.6072669 0.09177469 0.5974984
0.6760517 0.09313992 0.5469314
0.6712772 0.1061955 0.5196557
0.7237783 0.1444924 0.6564856
0.6590021 0.1347779 0.611605
0.6110983 0.006277002 0.5340673
0.6685643 0.04977567 0.53344
0.6709533 0.1122279 0.5359982
0.6253008 0.09611053 0.5022222
0.6761028 0.1051072 0.6318398
0.6184526 0.1596105 0.5275847
0.5948452 0.1256214 0.545779
0.638365 0.1854455 0.5740507
0.7002301 0.1605533 0.556198
0.6242571 0.09672452 0.5429829
0.6343086 0.09787559 0.5575781
0.6654662 0.1298392 0.5777024
0.6857117 0.1011909 0.6510925
0.6131616 0.1197072 0.5839186
0.5303144 0.04722678 0.5891829
0.5917576 0.08502637 0.5736629
0.5776887 0.06691608 0.5973111
0.5819764 0.04812215 0.5464115
0.6206311 0.1389458 0.5456404
0.6046743 0.1555674 0.6172734
0.5889052 0.099315 0.6802681
0.5791992 0.1299589 0.6362335
0.5757754 0.08191213 0.6579588
0.5754441 0.09226752 0.6552712
0.6486169 0.1327408 0.6518495
0.56745 0.05978603 0.6305655
0.6041322 0.1125151 0.5793277
0.6231252 0.09991575 0.5901381
0.5965969 0.03078655 0.6257103
0.5680895 0.08362435 0.5342682
0.6023071 0.129326 0.5731442
0.5946763 0.04308554 0.608045
0.5286174 0.04457076 0.6475039
0.5917708 0.04475615 0.6781204
0.5751628 0.07260452 0.6117449
0.6152063 0.140379 0.7090001
0.6670386 0.1294191 0.6336291
0.6399706 0.1596324 0.5863296
0.6076915 0.119069 0.6998765
0.6258297 0.06375014 0.5932748
0.6410489 0.09171116 0.6393919
0.6855793 0.1177385 0.565061
0.5904364 0.09017809 0.5342476
0.6446857 0.1133316 0.5455386
0.644877 0.1521845 0.6039653
0.6009999 0.1136374 0.6031496
0.646966 0.07906806 0.4533072
0.6366149 0.1058163 0.5578258
0.6510292 0.1477862 0.5844349
0.5265151 0.07228374 0.5224054
0.5924054 0.1037886 0.5261387
0.5769987 0.1046018 0.5640973
0.5918513 0.1328463 0.5916623
0.6173319 0.09905631 0.5578613
0.5804867 0.1481064 0.5631773
0.6284417 0.1046918 0.592963
0.6314086 0.1474272 0.5790436
0.7026982 0.1440325 0.6281823
0.633376 0.1435817 0.5943105
0.6495549 0.1429292 0.63732
0.5954646 0.1305956 0.6214974
0.6876129 0.1525896 0.5978147
0.5908815 0.1174279 0.6898727
0.6732789 0.1423489 0.7175022
0.7193026 0.1343395 0.5946575
0.7527982 0.1337382 0.5721525
0.6122841 0.0714293 0.6079331
0.6096811 0.1221842 0.582793
0.6661322 0.1110312 0.6555596
0.6891427 0.05110513 0.5893381
0.5785043 0.09822283 0.6148745
0.5635592 0.1029724 0.5579071
0.6189661 0.02093991 0.6494476
0.6165643 0.08245244 0.6159419
0.6726555 0.127788 0.6238392
0.5987804 0.1040761 0.5635885
0.6937836 0.1387528 0.5876441
0.6748354 0.04743603 0.5121303
0.6515617 0.01614997 0.5034318
0.5850626 0.1279996 0.6426147
0.615862 0.08736758 0.5667657
0.5911248 0.1195274 0.681641
0.6679312 0.1515528 0.5931993
0.6648966 0.138765 0.6310787
0.5959213 0.07550305 0.5911314
0.7202659 0.1106296 0.5608647
0.6538925 0.1425671 0.539217
0.6263568 0.1230734 0.568052
0.7249092 0.08766546 0.5933702
0.5752753 0.007833098 0.5046433
0.788965 0.1190562 0.5777778
0.6610323 0.05433452 0.5146313
0.677291 0.1133065 0.6247506
0.5868425 0.08248209 0.5518046
0.5992471 0.1119015 0.5963769
0.6824689 0.09709075 0.6019731
0.5483255 0.02390943 0.5753114
0.6578026 0.09775071 0.6391929
0.6765453 0.1209198 0.568159
0.6458734 0.06877307 0.5460957
0.6773684 0.1198434 0.6265351
0.6504947 0.09100582 0.6359732
0.6933995 0.1307653 0.6701743
0.6360398 0.1123377 0.6471874
0.684738 0.1853158 0.7008937
0.6311138 0.1478613 0.6415197
0.6106991 0.07086955 0.5713894
0.5951697 0.1392754 0.6200285
0.6146394 0.1159903 0.5569079
0.5765207 0.05394747 0.5877428
0.5367343 0.1046945 0.6577983
0.580245 0.05155861 0.5885144
0.5229622 0.06324481 0.6364229
0.5804949 0.09114579 0.6693076
0.5360863 0.099456 0.5994064
0.5451418 0.054163 0.5714966
0.6339655 0.06840048 0.5772341
0.6010431 0.1257496 0.6379892
0.6407032 0.1674386 0.5579073
0.5669533 0.09236331 0.577629
0.6825689 0.151742 0.6566899
0.5611952 0.03755584 0.6225846
0.6093061 0.08546619 0.6128666
0.5874953 0.08911081 0.5524419
0.6387213 0.09585345 0.5194764
0.6915531 0.1323681 0.5640651
0.6672407 0.179913 0.6627884
0.6845752 0.1625779 0.7120122
0.6362362 0.1266109 0.6354952
0.6786905 0.1309261 0.6501956
0.7393336 0.1740098 0.6690213
0.7240285 0.1185075 0.5695902
0.7170266 0.1038178 0.5553939
0.6036651 0.06822026 0.6077692
0.5985573 0.164827 0.6416274
0.6980206 0.09732781 0.5907363
0.6486806 0.08667519 0.5604892
0.659804 0.0649415 0.5416532
0.6217816 0.07843239 0.6084725
0.6148888 0.1301356 0.6669766
0.7324237 0.2597723 0.7441807
0.7502059 0.247596 0.6600049
0.7464252 0.1629911 0.6973866
0.7072449 0.1566069 0.7043496
0.6048848 0.140659 0.6783234
0.5704831 0.1333087 0.6363043
0.6449786 0.1266208 0.6689981
0.6213501 0.1458232 0.6283398
0.5544537 0.1001632 0.6392794
0.5487114 0.1450461 0.5681818
0.6109104 0.09556938 0.5917475
0.5320151 0.06586506 0.5876892
0.580297 0.08357258 0.5136666
0.662356 0.1091846 0.5989099
0.5964291 0.1113773 0.5588462
0.6915896 0.1569065 0.5979056
0.6479187 0.1269307 0.583752
0.5562765 0.1316015 0.5781116
0.6476978 0.1351271 0.5888121
0.5823122 0.07959636 0.4700966
0.6087611 0.1417339 0.5572484
0.6571745 0.0881078 0.5516484
0.6725736 0.09644027 0.5760769
0.6652836 0.1406151 0.5905266
0.6948618 0.08944454 0.6054986
0.595644 0.06101048 0.6113462
0.5601422 0.09243741 0.6338357
0.6353663 0.1296223 0.642038
0.65426 0.09392946 0.6032823
0.6797813 0.1066445 0.5901261
0.6011312 0.132214 0.5884349
0.6937636 0.07628066 0.6006055
0.6382666 0.09876698 0.6265462
0.5312855 0.06082902 0.6021913
0.5001287 0.1363493 0.6296776
0.5807411 0.08378622 0.5652038
0.6389288 0.07786184 0.6736207
0.6450365 0.1129282 0.5844578
0.615007 0.08700255 0.6578029
0.5510366 0.09378006 0.6032628
0.579476 0.09847255 0.587988
0.6020065 0.0744454 0.615778
0.6599252 0.05989025 0.5760404
0.6325762 0.1421186 0.6970526
0.5678416 0.1027262 0.6154839
0.5993817 0.05478848 0.6908771
0.6578164 0.08527588 0.6515523
0.5932459 0.06067797 0.5821057
0.659391 0.05986691 0.5706593
0.5916768 0.1017744 0.640249
0.5549126 0.04553418 0.6037615
0.6475167 0.06045123 0.6330637
0.6333055 0.1017455 0.5632852
0.5760901 0.08359463 0.6669297
0.7562732 0.09107348 0.5833849
0.660593 0.05634077 0.5329401
0.6536445 0.1595437 0.6667686
0.6613774 0.1268977 0.5949731
0.6370854 0.07732739 0.5450672
0.5787812 0.04562272 0.5907909
0.6378796 0.1312631 0.5725168
0.6425152 0.1153127 0.5621055
0.5756875 0.03106769 0.5319615
0.579403 0.09938299 0.5440481
0.5940397 0.090021 0.5105308
0.6977265 0.1431022 0.572711
0.6045401 0.118952 0.5845496
0.6820455 0.198586 0.6256553
0.5338884 0.1080416 0.6159249
0.5902526 0.1252322 0.7435616
0.5511388 0.1268595 0.646232
0.5735805 0.1300131 0.6031065
0.6446156 0.129377 0.5892658
0.5987734 0.0808963 0.6084804
0.6786645 0.1230227 0.5778481
0.6393067 0.09068743 0.6273773
0.5797728 0.08666585 0.589525
0.547007 0.07354217 0.579578
0.5772673 0.08442833 0.676518
0.5313921 0.1162905 0.6169077
0.6166086 0.1064646 0.6432225
0.6081097 0.09822153 0.5843586
0.5958939 0.08776866 0.6737886
0.6553148 0.1559585 0.6343332
0.656355 0.1126066 0.6392265
0.6315309 0.1504705 0.5293728
0.6469016 0.11625 0.6081394
0.6739623 0.1195941 0.5708223
0.5646041 0.08490587 0.5973278
0.5860432 0.04049373 0.5550818
0.6634757 0.1008986 0.5798104
0.5808751 0.09616641 0.6702142
0.527396 0.07254145 0.6757876
0.6186975 0.1116466 0.6080971
0.6956856 0.1268466 0.691033
0.6633532 0.1399002 0.6693066
0.6244229 0.1098388 0.6319789
0.7012278 0.1503553 0.5762325
0.6350959 0.1574361 0.7024413
0.6490671 0.09158548 0.5956612
0.6775673 0.1483335 0.6424418
0.6932851 0.1002404 0.644846
0.6199697 0.1071318 0.5786156
0.6167325 0.1450268 0.649098
0.6372827 0.1509302 0.5912848
0.6385334 0.07235836 0.6239523
0.604897 0.07126087 0.5815165
0.5958985 0.08392493 0.5326015
0.7031245 0.1581318 0.6352094
0.6481731 0.1299501 0.5693257
0.6895294 0.1180915 0.5177037
0.6612291 0.128007 0.6435618
0.7327152 0.1545391 0.6136946
0.5989431 0.09870611 0.5748652
0.6480497 0.1208453 0.5508297
0.5482131 0.0689095 0.5421289
0.5714276 0.06844252 0.6227564
0.6070284 0.1537009 0.5867063
0.6299575 0.1195414 0.6353905
0.5670212 0.04236651 0.6050281
0.5213416 0.08055682 0.6587283
0.6332623 0.08997071 0.5357293
0.6394735 0.1155944 0.5747344
0.6237435 0.1098536 0.6100061
0.6997292 0.05734942 0.5666588
0.5534761 0.06126812 0.6044762
0.6833798 0.11028 0.5729086
0.6420618 0.1293858 0.6145736
0.5576542 0.01491567 0.6511899
0.5869482 0.1168582 0.5848463
0.6724736 0.146975 0.5914424
0.5979579 0.09298742 0.5224786
0.571833 0.06362379 0.6196917
0.5810388 0.0257872 0.5350562
0.6273354 0.0854263 0.5663379
0.6515845 0.07017477 0.6175368
0.6074597 0.1053857 0.6017765
0.6943031 0.06067381 0.529613
0.6988929 0.1224634 0.5528604
0.6879984 0.1295064 0.5870503
0.6475149 0.09363997 0.5453261
0.6710335 0.08152479 0.5142839
0.6692771 0.1490693 0.5238071
0.5708173 0.0973839 0.5766263
0.7070405 0.1305951 0.5335478
0.6056964 0.04502724 0.5978153
0.5441693 0.08239707 0.5958497
0.6294137 0.06378333 0.5660687
0.5074355 0.05351321 0.5318396
0.5479645 0.008861714 0.5885098
0.5066752 0.0667273 0.6197318
0.5752654 0.06900043 0.5933127
0.6101906 0.1249717 0.6426232
0.6112411 0.07863504 0.626058
0.6789819 0.1780132 0.6165263
0.6533931 0.1392689 0.5849644
0.5882393 0.1152317 0.6048774
0.6794897 0.1566597 0.6300477
0.5962425 0.09935273 0.6533222
0.5547964 0.1493385 0.5934835
0.6231805 0.07577296 0.5161562
0.5851636 0.1346543 0.6228008
0.7428681 0.12594 0.5610333
0.6440804 0.1441907 0.5517406
0.5932314 0.08646749 0.5836012
0.6375471 0.1359267 0.5851823
0.5860947 0.1392179 0.6781651
0.6818452 0.08635311 0.6101359
0.5903557 0.1306056 0.6801671
0.6093076 0.1490897 0.583335
0.6340207 0.07656782 0.5141305
0.5878373 0.1470281 0.5424078
0.5090763 0.10268 0.5329558
0.6384396 0.06898012 0.6854506
0.6214501 0.05556566 0.533683
0.6400165 0.09455305 0.5391972
0.5980438 0.1255785 0.5261509
0.5587081 0.0534005 0.552292
0.5114173 0.07474683 0.4986571
0.5637308 0.1307045 0.6024591
0.5907264 0.08089517 0.627514
0.6179725 0.1459208 0.6004579
0.5098499 0.06205242 0.5753997
0.5815002 0.1184381 0.504173
0.670081 0.1252419 0.5892248
0.6944524 0.1917096 0.5417994
0.6267323 0.1343896 0.6019206
0.6712617 0.09320009 0.5615187
0.642389 0.07934258 0.5018472
0.6308198 0.1515818 0.5296928
0.5510244 0.1074836 0.558355
0.7233928 0.1444486 0.6000934
0.6716516 0.1799476 0.5651057
0.6618822 0.1471554 0.589954
0.6465616 0.1544675 0.6627214
0.6147682 0.1529115 0.6238199
0.5570981 0.1046858 0.6378039
0.626106 0.1436112 0.5925969
0.6515016 0.09665066 0.5888282
0.6195404 0.08621733 0.5604204
0.5478897 0.1132918 0.6752919
0.5463391 0.1024553 0.5613004
0.6248681 0.1212674 0.5754437
0.5693972 0.1109498 0.5344794
0.7261548 0.1417388 0.5462389
0.7297369 0.1558871 0.653177
0.7865069 0.1388245 0.5710902
0.6162485 0.1293049 0.5904378
0.6680979 0.1275761 0.5521781
0.6557291 0.1401778 0.5923554
0.6308469 0.1191708 0.5333571
0.5699904 0.1093533 0.5467116
0.6005344 0.09070515 0.5310029
0.6199848 0.1110444 0.5207382
0.6262963 0.09697999 0.5668655
0.5483306 0.1031899 0.5655366
0.580553 0.1491622 0.6254951
0.6433997 0.1294164 0.6780274
0.6633047 0.1210281 0.6100851
0.610825 0.1680052 0.6420729
0.6788703 0.1718368 0.6745927
0.5677141 0.07821982 0.5473069
0.649178 0.1195219 0.6467524
0.6733096 0.1322809 0.6591746
0.554589 0.0951564 0.5349387
0.6082089 0.1524534 0.6408412
0.593223 0.1063842 0.5759172
0.6225284 0.1841693 0.5735475
0.6460697 0.113675 0.586711
0.5800304 0.1512167 0.6483966
0.4968269 0.1184809 0.5644916
0.5705582 0.07987057 0.6154498
0.680919 0.08212784 0.5655217
0.7243165 0.2107651 0.6175805
0.6847632 0.1237636 0.535991
0.6770675 0.08862917 0.6206499
0.6490092 0.0763569 0.6004269
0.6446259 0.05547135 0.5338154
0.605512 0.09459764 0.557961
0.6371575 0.08851436 0.659807
0.5646463 0.1008467 0.7105627
0.6642065 0.1443514 0.6542411
0.6742642 0.1446722 0.6651376
0.5885949 0.1326158 0.6998227
0.6231313 0.03865275 0.6222076
0.6815397 0.1321387 0.6061165
0.6325752 0.09735732 0.6679998
0.5458456 0.1541149 0.6752674
0.5936118 0.06342771 0.5697499
0.6510598 0.1279837 0.6358158
0.5357419 0.08760812 0.5836353
0.5620675 0.1283814 0.6133214
0.6501946 0.1183467 0.566291
0.6647866 0.1645471 0.6321536
0.564291 0.1402871 0.6649355
0.5999483 0.1143954 0.579718
0.6707842 0.1415124 0.4902049
0.6267956 0.1303187 0.5126302
0.7293163 0.1626018 0.5512379
0.6782273 0.1092319 0.5372544
0.6713105 0.1611055 0.6132343
0.7743078 0.1476016 0.5851188
0.6697595 0.08654749 0.4979994
0.5901567 0.1244171 0.5905228
0.6459976 0.06664795 0.5235176
0.6659406 0.05917937 0.546626
0.6181789 0.06562692 0.5934969
0.5255553 0.06340424 0.5660213
0.5845351 0.0822887 0.5792626
0.6636703 0.06920674 0.6595275
0.5235217 0.02370792 0.5566969
0.6460942 0.1299053 0.5652933
0.7022193 0.1013042 0.5636665
0.6444317 0.1538546 0.6075427
0.6785126 0.06825711 0.6270461
0.6408916 0.08034158 0.5726795
0.6855169 0.1518531 0.6159335
0.6475993 0.1636915 0.6377455
0.6749199 0.1129606 0.7096127
0.6344824 0.1452887 0.6709012
0.607192 0.06797051 0.6726167
0.6592859 0.09187925 0.6799404
0.5949189 0.1033174 0.5952881
0.5833216 0.1332356 0.5999245
0.6794952 0.1075373 0.5605843
0.6409309 0.1308462 0.6915689
0.6830023 0.2121119 0.7082071
0.7334472 0.1217137 0.636645
0.615168 0.06593418 0.5429075
0.6273389 0.09068086 0.6065163
0.624817 0.03334204 0.6691618
0.7157952 0.1425687 0.6499101
0.6786787 0.1273566 0.654481
0.6120298 0.1428882 0.6381929
0.6753027 0.1554609 0.6885157
0.6463373 0.1531033 0.5905771
0.6756556 0.1222436 0.6234149
0.7257074 0.1404089 0.6596029
0.7860906 0.1812366 0.6576044
0.7593376 0.1151966 0.5289699
0.6981637 0.1315953 0.6191975
0.7722238 0.1380012 0.646543
0.6107738 0.1132157 0.6339174
0.7216391 0.1765021 0.5975696
0.6251105 0.08436431 0.5576396
0.6486628 0.1015513 0.6122964
0.6539375 0.1388166 0.5408638
0.6150226 0.1621732 0.7247989
0.6995516 0.1292951 0.6524536
0.693075 0.1762272 0.6174071
0.5984893 0.1397471 0.6892079
0.6801018 0.1057849 0.5783936
0.6473847 0.07601431 0.6960016
0.7229993 0.0898199 0.6060875
0.7506601 0.07546212 0.6588532
0.5851464 0.07611362 0.6523908
0.7102393 0.07957977 0.6038801
0.5631747 0.05955248 0.5842013
0.6332884 0.1524211 0.561871
0.6617261 0.1235116 0.5465207
0.5059278 0.04378129 0.5679714
0.580771 0.09180945 0.5302926
0.6158035 0.1272023 0.6687117
0.5715013 0.1451544 0.5862424
0.5089117 0.1295746 0.6344886
0.5968018 0.09949721 0.5448676
0.6446461 0.09937172 0.5857278
0.6922035 0.1152481 0.5801451
0.5599613 0.1052918 0.5218058
0.6288102 0.1012972 0.5832592
0.5996572 0.08311128 0.6071638
0.6325573 0.118144 0.6749281
0.6600186 0.08056291 0.5883973
0.6280986 0.1019869 0.6844597
0.6247889 0.09315276 0.6145609
0.5845375 0.1022284 0.5190029
0.6384883 0.0859293 0.5275909
0.6233269 0.1184334 0.6196659
0.5328255 0.1149739 0.6505185
0.6048464 0.1587651 0.660897
0.6542588 0.1171095 0.5520993
0.7082203 0.1440187 0.5499246
0.5412507 0.0912921 0.5721841
0.6396549 0.09927197 0.6082115
0.6220083 0.151681 0.6265881
0.6494533 0.08897083 0.6139578
0.6442104 0.09809619 0.6345674
0.6689969 0.08230376 0.579751
0.644326 0.1183253 0.620389
0.6032337 0.08925532 0.6050577
0.7045915 0.05523286 0.5823388
0.6176444 0.108042 0.6028361
0.617917 0.06850389 0.614376
0.7198716 0.09021084 0.6409498
0.6787926 0.1332486 0.7620052
0.5623541 0.03616341 0.5835999
0.5616488 0.05839578 0.624826
0.6385252 0.07319572 0.5568282
0.6575357 0.1185672 0.6520906
0.6801505 0.1115779 0.6754711
0.6175608 0.05996508 0.6286703
0.6855696 0.08994196 0.6399603
0.6699864 0.1430797 0.552524
0.683999 0.1184966 0.5924887
0.5921072 0.106257 0.5739991
0.7130631 0.1593083 0.6440148
0.6774137 0.1622401 0.6956971
0.6962146 0.1138561 0.6104524
0.6717133 0.1322287 0.5785111
0.5221761 0.08294136 0.586963
0.6827689 0.1322343 0.5883629
0.5782217 0.06830773 0.6345659
0.5523019 0.1127913 0.6029911
0.5977555 0.08037032 0.5938154
0.6294909 0.0922948 0.5616009
0.6401934 0.08384589 0.5506926
0.7098289 0.09680644 0.572066
0.6389875 0.05838228 0.6239687
0.6454365 0.1159864 0.7215818
0.7080863 0.1072751 0.6369334
0.5811273 0.07431164 0.6700663
0.5628689 0.06782831 0.766946
0.5829355 0.08267379 0.6515689
0.6471514 0.09755043 0.5770851
0.6037356 0.1351979 0.7208902
0.6188375 0.1434629 0.6773064
0.6832973 0.1419172 0.6074111
0.7391205 0.1427013 0.6075938
0.6196262 0.1422425 0.6582604
0.654584 0.05028855 0.6581894
0.5719482 0.08899608 0.544379
0.6159225 0.05516472 0.5499525
0.6767599 0.1464545 0.5951493
0.6649197 0.1533997 0.6795135
0.6892844 0.1105808 0.5968552
0.6514415 0.09200507 0.5989889
0.6948756 0.1034366 0.6754234
0.5323167 0.08845667 0.6463883
0.5850038 0.1393713 0.6212899
0.5934638 0.1535457 0.5656326
0.587584 0.121464 0.5558856
0.6296872 0.08446682 0.5683523
0.7029847 0.1308978 0.5975076
0.5664318 0.04258955 0.5710089
0.533714 0.07460134 0.5617461
0.6447253 0.01299848 0.6521249
0.5659252 0.07562208 0.5697174
0.6547568 0.07923235 0.5908893
0.6987736 0.1414176 0.7110595
0.6379637 0.1071086 0.6220557
0.6778176 0.1318395 0.5693287
0.7124387 0.09041396 0.5664939
0.5344308 0.07820292 0.5256693
0.7315097 0.1719782 0.6685798
0.6900093 0.08770081 0.5788088
0.6481525 0.1199987 0.5573887
0.744918 0.1683715 0.6473554
0.6426872 0.1386216 0.5638318
0.6021242 0.1426148 0.6089127
0.611388 0.06958597 0.5981028
0.5960099 0.07046982 0.5749316
0.5810955 0.09767998 0.5222854
0.5693702 0.0582364 0.546345
0.6323143 0.09231341 0.5884241
0.5684878 0.08031445 0.6592796
0.6038174 0.1120264 0.6258896
0.7533725 0.1662456 0.6232597
0.6383319 0.08458198 0.6355751
0.5788685 0.06434404 0.5991686
0.5375309 0.06038949 0.6415554
0.6642061 0.08588721 0.5758904
0.5586933 0.003033208 0.5675078
0.6873153 0.07394747 0.5476343
0.6017886 0.1249171 0.5310738
0.6853299 0.09634415 0.5883822
0.6072623 0.1054931 0.6273422
0.6491829 0.1489879 0.5468219
0.5170855 0.06330098 0.5991368
0.6212595 0.1519934 0.5298395
0.6755531 0.1715914 0.5989576
0.668249 0.194242 0.6657348
0.610434 0.1506063 0.5461817
0.5353475 0.1038772 0.6313461
0.6719877 0.185444 0.6428582
0.5959456 0.09923793 0.6992778
0.5765857 0.09273607 0.5449999
0.6465893 0.1846423 0.6567936
0.6057702 0.08575234 0.5145017
0.6577534 0.1292287 0.5007929
0.6188591 0.0858724 0.5546213
0.5465211 0.07413907 0.5028119
0.6429081 0.1470649 0.5959902
0.5469479 0.09039188 0.5826946
0.6027778 0.1236792 0.5931006
0.5838805 0.1124107 0.6945575
0.5463936 0.05921888 0.598055
0.6826175 0.1139789 0.5870596
0.6407549 0.140742 0.5742287
0.6243153 0.1520949 0.5276887
0.647591 0.1881253 0.5978851
0.6728652 0.1392127 0.5883928
0.6667424 0.17755 0.5646937
0.6726394 0.09273569 0.6083545
0.6698397 0.1424932 0.5586938
0.6712281 0.08514625 0.603489
0.575755 0.04807055 0.6362469
0.6336784 0.1717178 0.5840709
0.6060133 0.07193283 0.5431915
0.671796 0.1178721 0.5086335
0.5871207 0.1081803 0.5520522
0.5435403 0.1000948 0.5286234
0.6056472 0.1396039 0.5445843
0.5707611 0.08880732 0.5414609
0.6498994 0.1267944 0.5735385
0.5726283 0.05834968 0.5286407
0.5995038 0.08993474 0.6389529
0.5799791 0.1489484 0.6541432
0.6013722 0.1775673 0.6367306
0.5690255 0.1271682 0.6801993
0.6315963 0.1051736 0.6520854
0.5082175 0.1049344 0.6056658
0.5370627 0.1030874 0.5701278
0.5374611 0.08761606 0.550843
0.6150117 0.1350831 0.538626
0.5995863 0.1490819 0.61795
0.5823011 0.1695254 0.6638133
0.5381391 0.1482236 0.6119803
0.5637636 0.09373589 0.5895871
0.5270338 0.056076 0.5759211
0.6632356 0.1175655 0.5667754
0.5746005 0.0555898 0.6025576
0.6158698 0.09406468 0.5456001
0.6374351 0.1437544 0.7013461
0.5754734 0.08494717 0.6673663
0.7124537 0.1091914 0.5976987
0.634767 0.1853065 0.6539714
0.5920316 0.135015 0.557475
0.6019831 0.1333323 0.5913607
0.6274159 0.1338824 0.5922502
0.5598312 0.1269991 0.6326624
0.633596 0.07206712 0.5754435
0.6307293 0.1063135 0.549596
0.6947068 0.1508775 0.6414888
0.5993578 0.1205748 0.5573601
0.6577808 0.1399363 0.6660027
0.6238388 0.09238518 0.6392446
0.6237258 0.1282393 0.6476464
0.5658367 0.1131675 0.5705168
0.5507401 0.09668981 0.6408814
0.6415394 0.1327928 0.5763689
0.5402118 0.1118385 0.5938924
0.6123744 0.09629482 0.6181216
0.667561 0.104712 0.6034897
0.6927936 0.1314798 0.6890452
0.5878268 0.09676537 0.6019885
0.6785577 0.1206473 0.6335656
0.6493606 0.1898297 0.5575314
0.5572069 0.1538571 0.5211251
0.6594511 0.1346834 0.5506324
0.6522047 0.1505621 0.6086031
0.7532996 0.1631769 0.6533107
0.5406303 0.138451 0.6578576
0.6280661 0.1557042 0.6233569
0.6176289 0.135454 0.5769764
0.5830666 0.137263 0.6032723
0.5451289 0.07009196 0.6448784
0.5699766 0.08407356 0.5182825
0.6520686 0.1679156 0.5840207
0.6494859 0.1629149 0.6116045
0.6980063 0.1648396 0.603924
0.6529855 0.1243501 0.6255872
0.4992974 0.1002821 0.6003778
0.497003 0.08929262 0.6538123
0.5282588 0.07259688 0.5500785
0.5743535 0.04758206 0.5162995
0.6354977 0.1595327 0.5980951
0.5352972 0.1136826 0.6235849
0.5336688 0.1270351 0.6655343
0.5980397 0.09803113 0.5917971
0.567395 0.10788 0.5953616
0.6111665 0.1429216 0.560629
0.6377434 0.1243383 0.502724
0.6054284 0.09864425 0.5193464
0.6348623 0.1120662 0.5973607
0.6658112 0.1321291 0.5921374
0.5892302 0.1953188 0.6131662
0.7316732 0.1549854 0.5542645
0.5985357 0.1098737 0.5652176
0.588596 0.1630069 0.6015648
0.5751664 0.1525417 0.6240945
0.5894827 0.07393585 0.5964648
0.5626971 0.07230557 0.536789
0.6700735 0.1290478 0.5647376
0.6032265 0.09086406 0.6129203
0.5640481 0.1619596 0.6861222
0.6423456 0.1103258 0.6498662
0.6337187 0.1526957 0.6709052
0.5165729 0.1452916 0.5579405
0.6008264 0.06544678 0.5716502
0.5922172 0.09045778 0.58485
0.5758065 0.06343689 0.5500186
0.6306888 0.05136524 0.5381194
0.5788241 0.06117091 0.6057224
0.5342069 -0.01564026 0.5950034
0.6731153 0.02556904 0.5606582
0.6004463 0.06556719 0.6270388
0.5569061 0.1282379 0.5768375
0.6208308 0.1541076 0.6156153
0.5934943 0.09068102 0.5987579
0.6017379 0.09740121 0.5892773
0.6167049 0.07431776 0.603124
0.5866775 0.08882511 0.5362781
0.6295631 0.1638613 0.6229815
0.6003662 0.1523244 0.6278843
0.6119078 0.1041528 0.6457431
0.5162924 0.0783196 0.684335
0.5720419 0.1298877 0.6829384
0.575955 0.1410797 0.6725804
0.6324261 0.1135616 0.6064188
0.6334937 0.1142307 0.6303436
0.5870201 0.1318295 0.5818334
0.5970204 0.1259926 0.5925749
0.5642897 0.1412399 0.6662972
0.5777139 -0.003304308 0.6317325
0.562586 0.09130128 0.6505851
0.6197903 0.1356842 0.6770525
0.6360959 0.117479 0.5467856
0.5451924 0.07831281 0.585147
0.5881697 0.1049905 0.5805385
0.6247337 0.1399628 0.5800347
0.5743639 0.07517924 0.5998045
0.6074864 0.1426961 0.5882758
0.5906037 0.07679917 0.6175115
0.6220007 0.09286974 0.5743715
0.6436397 0.1249542 0.6192652
0.634964 0.08256955 0.6388243
0.6263726 0.1305778 0.4896211
0.5752971 0.1279208 0.5414881
0.574492 0.1472526 0.7046303
0.6822223 0.117845 0.5410933
0.5573247 0.1420775 0.5223012
0.6187391 0.1094934 0.6193007
0.6019845 0.1110742 0.6677463
0.7217899 0.1687124 0.6317311
0.6367545 0.1759587 0.6159117
0.5341476 0.1032792 0.6047787
0.6354015 0.1234598 0.5596095
0.6129237 0.1368544 0.5797814
0.599936 0.1350118 0.5834833
0.6569611 0.1813772 0.628879
0.698761 0.1586652 0.5898063
0.5778243 0.1433101 0.6156589
0.7258181 0.1682659 0.6217181
0.6941265 0.1133036 0.5738485
0.6530618 0.1239575 0.6373214
0.7157584 0.1225927 0.5363017
0.6406783 0.1314097 0.5997872
0.598473 0.05331656 0.5560788
0.6732096 0.1246652 0.585605
0.6164233 0.1328042 0.5586466
0.5864799 0.1439147 0.5642989
0.5674871 0.1074266 0.6129946
0.5819901 0.0974727 0.5490387
0.5556559 0.07620874 0.5681623
0.5648159 0.07437964 0.6172753
0.567122 0.1160454 0.5957994
0.5135625 0.09763549 0.5481724
0.5637257 0.1195717 0.5585078
0.6718549 0.1574595 0.5515867
0.641099 0.1167839 0.6204235
0.6223279 0.128523 0.5998126
0.8030885 0.2118194 0.6657912
0.6425121 0.1095978 0.642362
0.622325 0.1381896 0.5884279
0.549279 0.1003333 0.6591034
0.5287975 0.1087884 0.6119019
0.5211487 0.1047017 0.6379883
0.6216604 0.09945434 0.5787569
0.5369317 0.02814244 0.5531459
0.6641315 0.07460645 0.5316268
0.6434855 0.1163809 0.5614212
0.656859 0.1006064 0.6308101
0.6861778 0.1728014 0.5835898
0.5922783 0.1122471 0.6367522
0.5453724 0.1204487 0.6308356
0.5646878 0.09891131 0.6686401
0.6033921 0.1228426 0.6172606
0.6556431 0.03476591 0.5882574
0.6451186 0.09510861 0.5377677
0.6025767 0.1277791 0.5401598
0.6293814 0.09732922 0.5550958
0.6773844 0.1522281 0.6755516
0.6297108 0.1368828 0.6043339
0.711072 0.2042788 0.727247
0.6806573 0.1247541 0.6713022
0.6472509 0.138911 0.535669
0.5402737 0.1520037 0.6830332
0.5822119 0.1113641 0.5844753
0.6297157 0.1780458 0.6884476
0.5931601 0.1375058 0.6164768
0.5888271 0.1798091 0.6684692
0.7380401 0.1501844 0.6884332
0.5816387 0.139435 0.6874313
0.5611674 0.1066169 0.7177684
0.6230785 0.08473967 0.6114832
0.6248818 0.1418043 0.5831578
0.6190994 0.1372302 0.6663353
0.611549 0.1131672 0.4859573
0.5504441 0.0771799 0.5325817
0.5991718 0.1023458 0.5336146
0.7439589 0.1694812 0.5969392
0.6406999 0.123798 0.6128314
0.6358694 0.09581942 0.6436379
0.6218613 0.07509188 0.5999133
0.6250246 0.1129455 0.5978641
0.7052576 0.09023027 0.5867168
0.6475358 0.1977967 0.6042053
0.7587168 0.1616192 0.7031186
0.6728683 0.1287441 0.6239379
0.6147204 0.1224127 0.6043844
0.5824852 0.1203453 0.5699121
0.6273638 0.1382202 0.5540732
0.5942267 0.1552618 0.6067415
0.6209792 0.1126542 0.5657503
0.5920284 0.1449458 0.6232342
0.6488381 0.144877 0.632141
0.4988269 0.09402401 0.5272808
0.554274 0.06587079 0.5366832
0.616985 0.07489797 0.5742189
0.5992012 0.0295902 0.5789973
0.6773023 0.09086564 0.5450789
0.5862662 0.1009361 0.5643816
0.7246594 0.1004182 0.5422494
0.6447704 0.1232003 0.6391305
0.7587855 0.1186431 0.6374727
0.6646352 0.07416909 0.64356
0.6163301 0.1154253 0.4974835
0.5218479 0.07487874 0.5806321
0.5610066 0.08304159 0.5538987
0.5902713 0.06146523 0.6148646
0.6133176 0.07866649 0.6004451
0.6028193 0.09362405 0.6011118
0.5750506 0.1347078 0.6848279
0.5397221 0.1072924 0.6028518
0.6404203 0.1224191 0.5996818
0.5927923 0.10817 0.5325211
0.5637554 0.1197514 0.5015911
0.5870272 0.1655639 0.6501424
0.6160948 0.1130175 0.6111338
0.556669 0.1480645 0.6403336
0.672714 0.1935304 0.6974115
0.6487362 0.03287847 0.6228698
0.5888461 0.1775524 0.6696459
0.5722864 0.09194462 0.5266014
0.6078486 0.1281445 0.6695618
0.5998949 0.1020865 0.5863621
0.6251606 0.1088436 0.5341179
0.6321776 0.09421005 0.5585282
0.648191 0.161072 0.5957213
0.6031482 0.1461038 0.6442682
0.6958005 0.1686299 0.6653756
0.5565845 0.09649769 0.5700696
0.6728241 0.0993601 0.5617512
0.6182531 0.008339242 0.59579
0.5405323 0.06980397 0.5103304
0.6965689 0.07517526 0.6517843
0.6610987 0.1485283 0.6097996
0.5651823 0.1714101 0.6199247
0.5321801 0.1498603 0.6319441
0.660265 0.2077752 0.6436383
0.5365423 0.1162468 0.6730259
0.5707845 0.1269325 0.5931469
0.6087636 0.162115 0.6026878
0.6095026 0.2172965 0.6695854
0.5129607 0.1382032 0.6168196
0.5843212 0.1811932 0.5843884
0.6617126 0.151568 0.6327621
0.6733846 0.1865558 0.6442679
0.6459957 0.109915 0.5500331
0.6241609 0.1356706 0.6626485
0.6895427 0.1151835 0.6305189
0.6113733 0.175697 0.5784296
0.6438872 0.1469713 0.5445226
0.6418528 0.1605305 0.5870451
0.5917002 0.09966239 0.5777743
0.6655094 0.1241934 0.5972115
0.6253825 0.1230165 0.5509084
0.7408543 0.1827414 0.6788508
0.6511922 0.09655731 0.5744112
0.5974547 0.1772335 0.6760401
0.622217 0.1589324 0.6406867
0.684795 0.1769734 0.6138489
0.6503057 0.147217 0.615432
0.6197049 0.06638758 0.528856
0.6227718 0.09808636 0.6336913
0.5854712 0.09493703 0.7369859
0.6000184 0.1221151 0.5713072
0.6600807 0.149891 0.5473911
0.5819212 0.1276963 0.669628
0.5834152 0.1476861 0.5297267
0.4998053 0.1103679 0.5265437
0.5755074 0.04139035 0.438656
0.579058 0.1479029 0.5901638
0.4873219 0.04932073 0.4898945
0.5847369 0.006737268 0.5155954
0.6027245 0.04114987 0.5776525
0.5733613 0.1023248 0.569326
0.6285426 0.1228428 0.5921169
0.5420028 0.08742397 0.6211838
0.600564 0.1270932 0.6360433
0.5961407 0.08974042 0.6224244
0.6820067 0.09541958 0.6192704
0.6824881 0.09123264 0.5918934
0.6755048 0.1283574 0.592428
0.541264 0.06499254 0.5070771
0.6647622 0.07035512 0.7147045
0.5725182 0.0625183 0.5448398
0.5548757 0.1167703 0.5406771
0.6020075 0.1349262 0.5903895
0.5895592 0.09248527 0.5956285
0.524218 0.09571497 0.5536157
0.5665829 0.0158481 0.5026826
0.5797643 0.08108944 0.5225336
0.6477846 0.1468539 0.6349296
0.661448 0.07867082 0.5362952
0.6729395 0.1436947 0.6716636
0.6847475 0.1610629 0.5486157
0.6086217 0.1451441 0.5419353
0.6136657 0.1417681 0.5969283
0.6490605 0.1770161 0.5903313
0.6283842 0.1499275 0.5417915
0.6476224 0.1649818 0.6035952
0.6432918 0.1074496 0.5804334
0.5973946 0.05836857 0.5122509
0.575764 0.06309939 0.5269141
0.6295502 0.08464039 0.6025705
0.5482136 0.1172854 0.6488639
0.5860793 0.1332481 0.5953887
0.595645 0.08954533 0.5604019
0.5990887 0.1140297 0.6037864
0.6357758 0.1225836 0.5651136
0.5064455 0.06963407 0.5796122
0.5421738 0.06457184 0.5699115
0.6445805 0.1487432 0.5835336
0.6656685 0.06652844 0.5671691
0.615442 0.08375235 0.5445154
0.6751333 0.1722347 0.6074359
0.6188415 0.1204807 0.6279867
0.5964278 0.1115994 0.6599501
0.5160355 0.07176857 0.5330725
0.542025 0.109882 0.6580796
0.5749739 0.1374127 0.67529
0.7092903 0.1263014 0.6108163
0.602553 0.119703 0.7112044
0.658031 0.05755495 0.6547582
0.6372821 0.06405117 0.6868451
0.6084277 0.1052233 0.618685
0.6626326 0.2239558 0.6580834
0.5958402 0.12938 0.5761931
0.5957998 0.1052394 0.6530085
0.7041709 0.1433447 0.6191906
0.7393014 0.1768125 0.6966392
0.6080807 0.1195837 0.6297278
0.5779839 0.07323396 0.6509321
0.6448115 0.08898708 0.648783
0.5898719 0.0640767 0.6252447
0.5633099 0.09692048 0.4854635
0.6343654 0.07937916 0.5654065
0.575895 0.08391625 0.5582795
0.5942685 0.03959217 0.5314427
0.5794491 0.08418842 0.5736384
0.6037792 0.061953 0.5151078
0.6280016 0.09915026 0.5456442
0.6211529 0.01669144 0.6015081
0.624175 0.07446698 0.5686519
0.6215089 -0.01172823 0.5796273
0.5755549 0.1050793 0.4959406
0.6247147 0.09565413 0.5290314
0.5568551 0.1167604 0.6120872
0.6868238 0.1974225 0.6955375
0.6922028 0.1503359 0.6541755
0.5612525 0.1225874 0.6299125
0.6691341 0.1875682 0.6144601
0.7061304 0.1912557 0.6228852
0.6640659 0.1379582 0.6080647
0.615923 0.1477182 0.6099496
0.6163778 0.115014 0.5478394
0.5090501 0.06351837 0.5722937
0.6095966 0.1281196 0.5724901
0.587952 0.08464922 0.5568515
0.6629269 0.09767754 0.5861304
0.6683696 0.09302629 0.6021106
0.6078308 0.07610716 0.6330073
0.5882856 0.01445232 0.5440789
0.6139329 0.1335788 0.5976082
0.6685832 0.09188289 0.6630807
0.605089 0.1665317 0.5765598
0.5962595 0.1070863 0.5196656
0.5662032 0.08362003 0.6350792
0.5132147 0.1402189 0.6469432
0.633592 0.1761698 0.6024833
0.6533426 0.1497723 0.701782
0.62046 0.1123275 0.5927046
0.6758683 0.1902213 0.6297927
0.6758321 0.1764563 0.670159
0.6750496 0.1563284 0.6015476
0.6908875 0.07961474 0.5384744
0.5820056 0.1317866 0.5865205
0.5435636 0.1129562 0.6547303
0.6123207 0.1601663 0.636075
0.6875826 0.1178986 0.6078148
0.5872817 0.1090439 0.6212469
0.6119591 0.08120483 0.5431144
0.6396448 0.1414028 0.5901135
0.6397105 0.148619 0.6340836
0.6635566 0.121393 0.6286233
0.701459 0.1329413 0.5866667
0.6260898 0.1691293 0.6655742
0.557211 0.07832965 0.5204267
0.6778599 0.1649454 0.5658007
0.6874923 0.1007806 0.539254
0.6787879 0.1185905 0.5418647
0.6565767 0.1229206 0.5622921
0.6525481 0.141614 0.5813744
0.5822976 0.06207198 0.5659648
0.6479646 0.06984352 0.6003279
0.6758197 0.1765908 0.5926989
0.6275409 0.06217206 0.6482714
0.5775996 0.08304321 0.5294961
0.6033516 0.05440432 0.5538872
0.6223787 0.1009279 0.6477189
0.6357497 0.1270356 0.645794
0.6594317 0.1423327 0.5576626
0.6953095 0.1343975 0.5657548
0.5971141 0.06104109 0.5178493
0.6040598 0.06505065 0.5220025
0.5549313 0.1199325 0.6395913
0.6030047 0.1304051 0.6157726
0.5480295 0.06713006 0.656473
0.5489815 0.1109914 0.5851749
0.6379874 0.05864861 0.5657478
0.6119309 0.09303265 0.6257187
0.5224748 0.05724565 0.5947488
0.5768244 0.09885472 0.5192708
0.5971011 0.1267642 0.5764502
0.6381821 0.07350875 0.4761973
0.6343628 0.1357202 0.5308815
0.5494652 0.1268952 0.5463337
0.6262599 0.1399763 0.6383461
0.562618 0.07332025 0.5470808
0.5728648 0.1773374 0.6783628
0.5699741 0.06927538 0.5264069
0.6013191 0.06349717 0.6273168
0.6435489 0.04585203 0.5786426
0.6285923 0.10419 0.6047928
0.6672327 0.08261041 0.6341867
0.5947455 0.1106954 0.5623139
0.6010279 0.1190025 0.6197867
0.6850909 0.08704553 0.6414707
0.6940913 0.08428164 0.6041324
0.6183047 0.06470458 0.5473472
0.6811622 0.1650484 0.6443693
0.6038705 0.1337779 0.5240173
0.6724269 0.116657 0.6375516
0.6425863 0.1274713 0.6717456
0.6042918 0.0800545 0.6054048
0.6817218 0.1583148 0.567521
0.6383652 0.1551743 0.5946294
0.5624839 0.1108875 0.6132665
0.5716558 0.1677117 0.7197155
0.6658084 0.1199523 0.6267383
0.6799182 0.149184 0.5707981
0.5848248 0.138851 0.6324839
0.6996352 0.1388539 0.6253609
0.6754133 0.1395887 0.5842317
0.6327146 0.08004 0.5584683
0.7182587 0.1472721 0.6110501
0.5758107 0.1800256 0.627538
0.5997065 0.1116643 0.6270894
0.6404111 0.06928471 0.6229617
0.5800385 0.1054651 0.670302
0.591781 0.1063802 0.58028
0.6337692 0.1017131 0.629611
0.6535839 0.1304709 0.5902682
0.6439756 0.1135203 0.5998915
0.6325122 0.08441466 0.6799431
0.5565627 0.1123013 0.5053243
0.6466834 0.1585253 0.5315034
0.5697057 0.06843027 0.560868
0.597116 0.0979643 0.5442307
0.5469097 0.04513232 0.4593827
0.5995794 0.06972955 0.5123578
0.6071912 0.1031511 0.5942867
0.5856458 0.04224971 0.5315824
0.5617441 0.1144563 0.6305049
0.6294724 0.1642495 0.6042489
0.5294036 0.1240553 0.5071281
0.5986324 0.1654685 0.5630262
0.6207676 0.1551545 0.6405592
0.6393983 0.1399676 0.6333581
0.5404262 0.1211087 0.6147745
0.6769841 0.1462679 0.6906049
0.5813316 0.09073197 0.6055766
0.6236858 0.1238444 0.6095655
0.5975411 0.1016694 0.6532148
0.6419814 0.07907155 0.5603167
