0.4565736 -0.1259239 -0.124367 -0.1344927 0.445565 0.3322288 0.2583465 0.4682535 0.2647656 0.4989645
0.3700369 -0.09436531 -0.1448204 -0.1540164 0.4426126 0.4481235 0.3171169 0.6926184 0.3838026 0.5374601
0.281929 0.01192953 -0.06615337 -0.04318657 0.478872 0.5085502 0.2612925 0.7594974 0.3787862 0.4252866
0.3072893 -0.006583428 -0.09628801 -0.062566 0.4145699 0.4404362 0.2547175 0.6446601 0.3121253 0.3876536
0.3795206 -0.06288051 -0.1774735 -0.1302944 0.440404 0.4678911 0.3041557 0.6467291 0.3581322 0.4465331
0.3644126 -0.00840497 -0.1086656 -0.08533773 0.5040265 0.5171657 0.2927429 0.6742094 0.3158205 0.3770692
0.3275294 0.006284405 -0.06210846 -0.01132487 0.5752882 0.5928466 0.3391264 0.7207925 0.3570094 0.4327469
0.3523031 -0.0320716 -0.09490835 -0.01987613 0.4805689 0.4937453 0.2999713 0.6126299 0.3019109 0.3995382
0.2910807 -0.03525921 -0.1338443 -0.04244204 0.5635664 0.5674323 0.2935247 0.6946712 0.311248 0.3843709
0.1989286 -0.06975697 -0.1315371 -0.06799302 0.4936546 0.4733967 0.2834978 0.5880319 0.3044596 0.4572539
0.1911157 -0.06069391 -0.1130242 -0.09936347 0.404262 0.3904472 0.2593915 0.4739783 0.2720983 0.4362128
0.2075084 -0.06004411 -0.1279237 -0.09478842 0.47863 0.4744043 0.3066646 0.5759565 0.3254222 0.4165389
0.1738025 -0.04182255 -0.09032543 -0.07390435 0.5153178 0.5019433 0.2937451 0.5862268 0.3114126 0.3508814
0.2208798 -0.01132665 -0.07429151 -0.05456056 0.6310067 0.5747949 0.3741721 0.6324317 0.3647247 0.42163
0.2151035 -0.02304537 -0.08466978 -0.05835303 0.4795721 0.433017 0.3090992 0.5022206 0.2915627 0.4848456
0.2269371 -0.05915331 -0.1121945 -0.1161183 0.510569 0.5184713 0.3276107 0.6239451 0.3361683 0.5163206
0.2474203 -0.009534939 -0.04167806 -0.09443875 0.3892693 0.3782925 0.2042389 0.4540151 0.2141105 0.3536689
0.2600219 -0.01951828 -0.06730952 -0.1040744 0.3948474 0.4056396 0.2428079 0.5202217 0.2691684 0.3555131
0.234981 -0.06325608 -0.09900922 -0.09980645 0.5775056 0.5875985 0.293645 0.7155362 0.2937556 0.324875
0.2526839 -0.1281062 -0.146736 -0.1170788 0.5494189 0.5340312 0.27575 0.6181821 0.284221 0.3292886
0.224467 -0.1241508 -0.1578019 -0.1385913 0.4954116 0.4964111 0.2605763 0.5858724 0.2935933 0.3579422
0.3076216 -0.09610361 -0.1552787 -0.1226647 0.4264358 0.4338928 0.2062812 0.5419538 0.2258635 0.3038735
0.3081187 -0.1057091 -0.1481712 -0.09359425 0.5144986 0.5042611 0.2851465 0.623388 0.2945235 0.3443503
0.3046125 -0.0855324 -0.1304447 -0.1160973 0.5058049 0.4557264 0.2317729 0.5196694 0.2434653 0.287943
0.481149 -0.01587172 -0.2247906 -0.1711342 0.6148046 0.3907183 0.1858007 0.7470728 0.2935263 0.600622
0.5143675 -0.1458754 -0.2773398 -0.2476717 0.7504433 0.5613548 0.4657672 0.7916528 0.4907651 0.688935
0.5005715 -0.19317 -0.255005 -0.1933776 0.8386821 0.6890465 0.4512424 0.7825288 0.4125419 0.5876775
0.5790168 -0.1301459 -0.1993186 -0.1327443 1.035656 0.8628304 0.5685061 0.9601139 0.4783148 0.6355018
0.492075 -0.1003294 -0.1521162 -0.1901627 0.9004093 0.8204403 0.5664177 1.004087 0.5824394 0.6752845
0.607063 -0.1380662 -0.1922175 -0.1919277 0.8410592 0.8519782 0.5206991 1.156537 0.578821 0.6168268
0.5266448 -0.1028998 -0.1427834 -0.2137746 1.065258 1.050541 0.5926724 1.282916 0.6396302 0.613946
0.5630958 -0.1556967 -0.1383839 -0.1660989 1.180965 1.058858 0.6076007 1.124344 0.5660961 0.6022668
0.4532486 -0.06276686 -0.08674636 -0.09922991 1.132082 1.026419 0.6062625 1.087633 0.5759913 0.6115712
0.4289462 -0.00782784 -0.09380907 -0.1341294 1.196074 1.142104 0.549493 1.268655 0.625633 0.5995113
0.5477869 0.1888083 0.5296803
0.4058685 0.2463623 0.6024186
0.4729525 0.3243326 0.759251
0.6429507 0.4896569 0.7032045
0.7117692 0.5066527 0.6135554
0.6322385 0.4443881 0.621229
0.5621242 0.43513 0.6816663
0.6298651 0.4615957 0.6640143
0.6158453 0.4670447 0.6757461
0.5895016 0.4277458 0.545983
0.3934572 0.1943547 0.4487014
0.3973745 0.2402269 0.4123877
0.3540082 0.2196451 0.4244343
0.3299789 0.2177761 0.4185213
0.3723041 0.2525425 0.4737639
0.3414624 0.230337 0.473307
0.3384316 0.1993749 0.3653068
0.3570671 0.2257552 0.3962918
0.3770425 0.296345 0.5219196
0.3742403 0.3148515 0.511474
0.6653507 -0.08542828 -0.1920753 -0.1532551 0.4922736 0.388823 0.1889279 0.5140362 0.2637247 0.5040747
0.6894294 -0.1836575 -0.1747743 -0.153665 0.5510322 0.4483607 0.2250651 0.4863964 0.2457306 0.3975349
0.5707417 -0.2840913 -0.2231412 -0.2319072 0.5836199 0.4386927 0.2592353 0.4309962 0.2431627 0.4675715
0.4746489 -0.1888004 -0.1223328 -0.1711386 0.4199302 0.3552746 0.1459627 0.4338954 0.2106503 0.4326213
0.5264214 -0.1699398 -0.1070271 -0.2400924 0.4398694 0.3990151 0.1713144 0.4836965 0.2116337 0.4077787
0.5445364 -0.1648974 -0.1564698 -0.242083 0.5541808 0.5081749 0.2441 0.606771 0.3323125 0.4582051
0.5088946 -0.1856932 -0.1761134 -0.2444461 0.5434411 0.5018186 0.1900211 0.5936154 0.297858 0.4786356
0.5501322 -0.1224246 -0.09843839 -0.1641622 0.3850935 0.3628496 0.1109707 0.4230775 0.1798463 0.3855628
0.5395767 -0.1134175 -0.07921173 -0.2252958 0.3911826 0.353423 0.1746552 0.4006743 0.2246622 0.4219474
0.5472317 -0.1496469 -0.1381786 -0.2675661 0.4174894 0.3783991 0.1763215 0.4531073 0.2500226 0.4079119
0.446496 -0.01627966 -0.08930024 -0.07676118 0.6795083 0.427656 0.3295758 0.499309 0.220524 0.4112597
0.396124 -0.02447827 -0.07176741 -0.04974602 0.5079223 0.3305074 0.2225168 0.3827674 0.1834421 0.342052
0.499476 -0.04279929 -0.1412782 -0.1646913 0.521844 0.3699583 0.2412214 0.4414271 0.2285958 0.3670488
0.4465454 -0.07657912 -0.1335626 -0.09879214 0.6033258 0.4937577 0.3301963 0.5682382 0.2848496 0.4547826
0.493267 -0.2264983 -0.2396038 -0.2074406 0.5921281 0.5304038 0.3323449 0.6370733 0.3310501 0.5145451
0.4520145 -0.1051622 -0.08802383 -0.1677889 0.475374 0.3525506 0.2409834 0.3988724 0.1875584 0.5008617
0.5413394 -0.1536124 -0.1295707 -0.2342802 0.5041645 0.422474 0.2485634 0.4808179 0.2122807 0.4669374
0.6185155 -0.2767479 -0.2433793 -0.3176704 0.4697219 0.3606122 0.244388 0.3957153 0.1958048 0.4546894
0.4695261 -0.1796465 -0.1330804 -0.2823532 0.3906644 0.2934157 0.2651596 0.3088851 0.2191424 0.483608
0.3764868 -0.1120261 -0.09536693 -0.2098116 0.3565209 0.2811459 0.2416601 0.3207041 0.2526822 0.4759657
0.4275063 0.2786858 0.6097866
0.5152919 0.2630445 0.4359889
0.4410917 0.2636193 0.4511804
0.4758101 0.2875942 0.4693178
0.5420076 0.2976133 0.5654682
0.5486223 0.2743194 0.5809378
0.5458973 0.2400056 0.4540641
0.5933564 0.2392548 0.4310501
0.6034692 0.239673 0.4125655
0.6268026 0.3166388 0.4422078
0.6146583 0.3474387 0.6264036
0.5881831 0.375894 0.5558341
0.6410118 0.3969477 0.5079524
0.6098054 0.366948 0.4563711
0.7383803 0.4928616 0.544299
0.5675973 0.4253831 0.5010318
0.7761777 0.5313357 0.6078068
0.8070351 0.5486214 0.656026
0.7479787 0.4106316 0.4842325
0.6070141 0.3223092 0.430557
0.5801373 0.2887056 0.3913724
0.545442 0.3288498 0.4095684
0.5162116 0.3320244 0.4035063
0.4292437 0.3216337 0.4376722
0.5498841 0.3460963 0.4246127
0.5447647 0.3192548 0.3877965
0.5540496 0.2808041 0.3214461
0.5353916 0.2213896 0.3046898
0.4091776 0.1417351 0.2754545
0.3029081 0.1062375 0.3157814
0.3326609 0.1026747 0.4007152
0.3927932 0.2193403 0.5296302
0.4490278 0.2667297 0.5045552
0.4616707 0.2995374 0.4615741
0.4820931 0.2825571 0.4856309
0.372394 0.2622636 0.5323304
0.3142794 0.232804 0.4760235
0.2820777 0.2458128 0.6176547
0.3085918 0.2507987 0.5548612
0.3483517 0.298952 0.5890919
0.2737017 0.2055265 0.3925478
0.238552 0.1901406 0.3405242
0.3143566 0.2206992 0.3264322
0.3299428 0.262713 0.4225189
0.4023922 0.2820796 0.4203286
0.3849783 0.2707196 0.3873628
0.3740091 0.2199339 0.3987237
0.4986543 0.282274 0.3503622
0.5484548 0.3589537 0.4562734
0.5580648 0.4305831 0.5492538
0.4409038 0.3093294 0.3968803
0.4198355 0.3077605 0.3974572
0.4348978 0.2809625 0.3315927
0.3814068 0.304511 0.377377
0.3581717 0.2833805 0.4085259
0.4544521 0.3424393 0.4175806
0.4774477 0.4116128 0.5748262
0.4077987 0.3055124 0.3985355
0.4709968 0.3941963 0.4997644
0.4925114 0.3444997 0.4015581
0.5065671 0.3592294 0.4139547
0.3919132 0.2585314 0.3467336
0.4220151 0.2092272 0.303631
0.3996519 0.1722868 0.3083312
0.3272704 0.1844797 0.4136653
0.3660487 0.1837543 0.3749328
0.4347111 0.3357458 0.5860927
0.4765492 0.3281725 0.476989
0.4865151 0.3096876 0.4086926
0.4062099 0.232887 0.3338352
0.5436905 0.3460224 0.4453538
0.3560375 0.2366802 0.3709259
0.4330382 0.2894201 0.4327836
0.4305845 0.2658987 0.389847
0.5119493 0.3311582 0.425228
0.5267431 0.3432887 0.3833855
0.5642037 0.3080835 0.4094497
0.4562787 0.2743828 0.3901999
0.4218874 0.2813468 0.3915483
0.3993148 0.2796131 0.3872604
0.3542094 0.2988857 0.4667415
0.3645194 0.3290698 0.5333825
0.4231478 0.3440372 0.5094617
0.4161056 0.3699558 0.5628434
0.3089627 0.1780437 0.3106979
0.3698275 0.2297968 0.3265862
0.3881251 0.2698084 0.4234169
0.3789425 0.2536793 0.4007598
0.3709518 0.1927453 0.3454711
0.4969029 0.2926897 0.381291
0.4557683 0.2798075 0.3754075
0.4324916 0.2406813 0.320557
0.3851917 0.1925848 0.2684049
0.4993336 0.2573044 0.3307861
0.4642386 0.3202667 0.4132124
0.4451663 0.3236723 0.4086185
0.4807602 0.3456577 0.4507632
0.4676335 0.2662456 0.330294
0.3962903 0.2910218 0.3821296
0.4024527 0.2919752 0.3682269
0.3477023 0.2702279 0.3345371
0.3331125 0.2501745 0.3179587
0.3128424 0.2083839 0.2735174
0.2934806 0.2075196 0.2786166
0.3713819 0.1907485 0.2332
0.4067267 0.1811842 0.2476345
0.4621379 0.1655391 0.1879738
0.5275198 0.2337005 0.2520993
0.4565501 0.2267406 0.2850133
0.4235237 0.2413626 0.3392041
0.4954887 0.2659118 0.4465479
0.4331279 0.2265874 0.44591
0.5078054 0.2556878 0.443148
0.5927507 0.2913477 0.4541262
0.4312421 0.2021935 0.4508138
0.4117178 0.185745 0.3819071
0.4621588 0.2343357 0.4629234
0.3718696 0.2003355 0.4331366
0.4165721 0.2704005 0.6133012
0.3967871 0.2520516 0.5075126
0.442179 0.2349429 0.3804714
0.4144607 0.252294 0.4356766
0.4114969 0.2767047 0.4824037
0.4881616 0.3371976 0.6139185
0.3546631 0.2489631 0.5540771
0.3836933 0.2508698 0.4264699
0.3709024 0.2596544 0.392976
0.4660214 0.3673457 0.5981126
0.4126958 0.2773157 0.5737378
0.4455674 0.366609 0.7356503
0.5125656 0.3675262 0.6214265
0.5245783 0.4112115 0.6139227
0.6223123 0.3948027 0.5018624
0.660577 0.3816138 0.5845626
0.4823304 0.3253921 0.5095176
0.3711211 0.3075976 0.5590719
0.4950617 0.4266041 0.5918707
0.4177066 0.3953522 0.5173336
0.3917741 0.359225 0.4994267
0.364675 0.3292812 0.4463406
0.431381 0.3529898 0.4571019
0.4724911 0.350502 0.4521445
0.3925693 0.2476371 0.3573941
0.4371327 0.3067322 0.4257822
0.3553118 0.3309269 0.4563333
0.27365 0.2369482 0.3520509
0.4471216 0.3808421 0.449966
0.4780925 0.4038217 0.4718066
0.4480171 0.4090417 0.5038031
0.3372593 0.3202789 0.4904624
0.2692423 0.2698717 0.4493319
0.2536847 0.2483816 0.4380777
0.2658838 0.2767182 0.4769124
0.2950275 0.3211182 0.5904491
0.4434687 0.454726 0.6862889
0.5640481 0.5105815 0.6962776
0.7081784 0.5589139 0.6978151
0.5467465 0.3249834 0.3657689
0.6011275 0.3437069 0.426688
0.6089413 0.3245921 0.3931911
0.5059714 0.2855306 0.3519812
0.4578583 0.237799 0.3003112
0.4177565 0.2048045 0.29776
0.3935977 0.1854931 0.2963793
0.4452269 0.2434271 0.3137126
0.4810996 0.271049 0.3695008
0.6046145 0.3812357 0.454249
0.5568983 0.3226565 0.3847268
0.5286788 0.2731985 0.2967742
0.4641395 0.1873444 0.2651239
0.4654138 0.2079798 0.2703539
0.5347123 0.2509378 0.2760016
0.5027537 0.2100909 0.224477
0.582596 0.2711241 0.2434312
0.6283645 0.2812062 0.2603291
0.6822127 0.3193909 0.2801045
0.5759842 0.3015825 0.2944937
0.6087397 0.3834983 0.3636279
0.4870145 0.3517185 0.3949285
0.5343383 0.4065282 0.430417
0.5544959 0.3988324 0.3981697
0.5041285 0.3657802 0.3851413
0.6141591 0.3922535 0.3692472
0.6290182 0.3649443 0.3661463
0.5474786 0.3171665 0.3761704
0.5142298 0.3002213 0.3875162
0.631865 0.336864 0.4338819
0.6285609 0.4024601 0.5017693
0.5875825 0.3206287 0.3989275
0.5791978 0.3213804 0.4385661
0.4849267 0.2577431 0.4873296
0.4095864 0.2432588 0.4543308
0.5874533 0.343291 0.4371558
0.5446599 0.3438965 0.5257143
0.6548429 0.3289638 0.408367
0.5646331 0.2770821 0.348402
0.6076246 0.3660757 0.4264288
0.5994386 0.3846167 0.5035379
0.5909253 0.2881856 0.4458705
0.6688137 0.3004675 0.3612187
0.5553836 0.2909653 0.4273719
0.5035523 0.2064489 0.3273223
0.4250459 0.195348 0.2854628
0.4818644 0.2848382 0.4237332
0.56458 0.3398713 0.4694143
0.3531975 0.2325396 0.4672131
0.2987539 0.2402483 0.507192
0.413499 0.3208285 0.5048955
0.2999676 0.2084698 0.4653392
0.2472754 0.1773497 0.3700769
0.4575336 0.2417063 0.5350035
0.4844353 0.1951817 0.4481309
0.5031004 0.2249502 0.4336122
0.4530928 0.2072581 0.4360191
0.5954215 0.2480612 0.4337694
0.654999 0.3446062 0.4079705
0.6455342 0.4021446 0.4755285
0.6854484 0.4690891 0.5212244
0.7004317 0.5290403 0.63051
0.5902303 0.4565342 0.6361831
0.4616792 0.3655217 0.5994718
0.4279496 0.3645816 0.6287342
0.5101521 0.2880191 0.5131978
0.3776947 0.1850785 0.4631305
0.4931765 0.2379055 0.5179583
0.5084646 0.2802452 0.4461286
0.5652679 0.2838157 0.3678489
0.4759078 0.1856013 0.3191631
0.4546091 0.1632643 0.2969878
0.3558628 0.1335004 0.3196431
0.3492114 0.1274334 0.3609567
0.3413124 0.1454315 0.4421082
0.4439564 0.1913869 0.4790005
0.3812453 0.1391799 0.3756814
0.3705812 0.2250973 0.3952178
0.3862331 0.2673587 0.5088253
0.3748401 0.2653678 0.5904979
0.352146 0.2811635 0.6688242
0.4217668 0.3809588 0.7360213
0.5583902 0.3674198 0.5597322
0.5728078 0.3646183 0.4961025
0.5347446 0.3994208 0.5877864
0.4893393 0.3809208 0.6061576
0.3950531 0.3023176 0.4777494
0.4244686 0.2969717 0.3864547
0.4631432 0.3394483 0.411826
0.4747275 0.3284183 0.3857829
0.3477119 0.2419062 0.3543376
0.2958296 0.2192453 0.350343
0.3569043 0.2652702 0.3460678
0.374296 0.2853467 0.3312196
0.3115399 0.2306458 0.3113984
0.4385863 0.3296682 0.3990504
0.5416893 0.4749148 0.5472795
0.614344 0.5224558 0.5578403
0.6209627 0.5013288 0.5321733
0.5669651 0.4574034 0.5018611
0.5756649 0.4586062 0.4811969
0.5150326 0.4045054 0.4269753
0.5186654 0.4062328 0.4422318
0.3818601 0.3031277 0.3677062
0.4522497 0.3252811 0.3822963
0.6091005 0.4015905 0.424294
0.4034814 0.3028366 0.3786266
0.5540161 0.3690373 0.3531313
0.7299168 0.4520215 0.4000908
0.6018864 0.3801167 0.3791988
0.459815 0.3042031 0.4087017
0.7238952 0.5254329 0.5395566
0.6017322 0.4554702 0.4611575
0.4955536 0.3916941 0.4310797
0.4226189 0.3102385 0.3416418
0.4249623 0.3126897 0.4094459
0.3590849 0.1898843 0.3227526
0.4193197 0.3044476 0.4523905
0.285911 0.1508786 0.3572587
0.3106086 0.1721115 0.3333629
0.3406024 0.1950336 0.3076199
0.4095686 0.1920111 0.3360944
0.4888631 0.2074469 0.349448
0.5571717 0.2291289 0.3841379
0.6637481 0.2641806 0.3827212
0.5510516 0.2733217 0.3657863
0.5047586 0.2991086 0.4506957
0.5600369 0.3375506 0.4884654
0.4789163 0.3344369 0.5883711
0.4389814 0.2669782 0.480577
0.4343483 0.2278572 0.4158351
0.3926428 0.2387504 0.4944433
0.49749 0.3225751 0.5237396
0.4836688 0.3260452 0.6139381
0.4240117 0.300548 0.5689513
0.522083 0.4141272 0.5915657
0.4458753 0.3254988 0.4859379
0.4750099 0.3638628 0.5410839
0.3262541 0.2136373 0.4788462
0.4429182 0.2462826 0.559476
0.4519981 0.2559918 0.47979
0.3799443 0.1458172 0.3470804
0.4102602 0.2481114 0.4915449
0.4736379 0.3001431 0.5594513
0.5556911 0.3609503 0.675024
0.4671066 0.2608541 0.4979412
0.4689852 0.23659 0.4262641
0.443868 0.242594 0.4206296
0.4178761 0.2467481 0.3818434
0.3241261 0.2256631 0.4323736
0.3014004 0.1867384 0.4084941
0.3121649 0.1982852 0.5299558
0.289336 0.1542158 0.5411107
0.4340313 0.1511225 0.4501087
0.4263043 0.2035241 0.4124126
0.4895029 0.1988735 0.4173756
0.5100829 0.2410207 0.4162362
0.5683687 0.2613555 0.5022354
0.5378291 0.2803879 0.4911834
0.4864112 0.3386759 0.5001971
0.4789413 0.3499797 0.5077911
0.5452294 0.3594691 0.5541639
0.6161692 0.4015304 0.5896034
0.6222421 0.3932396 0.5226131
0.5590393 0.3172698 0.425726
0.4845294 0.2865387 0.3863173
0.4385938 0.1862132 0.318904
0.4997911 0.1857086 0.3551603
0.4936139 0.2628079 0.4771692
0.5320845 0.19802 0.496675
0.5409234 0.2365173 0.4768122
0.5386569 0.2779409 0.5094014
0.7165049 0.3547328 0.4671122
0.6768218 0.4253384 0.5873772
0.6785614 0.4348511 0.5958637
0.4957573 0.4079177 0.6574568
0.4292864 0.328888 0.5318798
0.4287597 0.3931159 0.6389646
0.433593 0.3554174 0.4984681
0.4848276 0.4026488 0.5294303
0.5139867 0.3516531 0.4649466
0.4189167 0.3627416 0.5031476
0.3322707 0.2993556 0.4424957
0.2929862 0.230138 0.3712107
0.2496854 0.2289757 0.4045697
0.2947454 0.2719784 0.4109567
0.360696 0.3238197 0.4792448
0.3965313 0.3187929 0.469616
0.406796 0.3058345 0.4490872
0.3086926 0.2369452 0.3415867
0.2877376 0.2351597 0.3594516
0.2958745 0.2266814 0.3496862
0.2343681 0.1770296 0.4858863
0.2612194 0.1982564 0.3882841
0.3118913 0.2878701 0.511437
0.3709289 0.3152854 0.5238154
0.3837691 0.2979837 0.4738394
0.4247403 0.2798634 0.3655961
0.5124168 0.381898 0.4858292
0.5556439 0.4838102 0.6640871
0.4713376 0.4107409 0.5631344
0.5073359 0.3965123 0.5504332
0.4632161 0.4123498 0.6530148
0.4444425 0.3878265 0.5461861
0.385942 0.3038544 0.4394579
0.4885084 0.3792619 0.4751951
0.4889415 0.3619521 0.4428421
0.4632145 0.3506293 0.4901771
0.4691973 0.3833484 0.5175394
0.4843605 0.3500401 0.4857871
0.3800011 0.2636912 0.4157408
0.4781407 0.3221561 0.439977
0.4225789 0.3232694 0.4391521
0.5050298 0.3961697 0.4760351
0.5058913 0.3473611 0.3966757
0.4227946 0.2546954 0.2763322
0.4699911 0.3269422 0.3924142
0.4701772 0.3567356 0.4057491
0.4903509 0.3208996 0.3456675
0.4772583 0.3360769 0.3497973
0.3575358 0.2515422 0.3138289
0.3788906 0.2774889 0.3993473
0.3003154 0.2452247 0.4286019
0.3045327 0.252617 0.3939067
0.3195077 0.2796639 0.4657369
0.2248959 0.2008518 0.3991763
0.2504858 0.2453613 0.4596666
0.2353214 0.2333676 0.4148902
0.2420154 0.1952113 0.3776214
0.3965182 0.3339624 0.5162306
0.466304 0.4539347 0.6601134
0.3974568 0.3648501 0.5280832
0.3990523 0.3296913 0.4451864
0.3237517 0.2506025 0.365486
0.4141868 0.2319902 0.2983921
0.4441373 0.2433798 0.2829573
0.4952477 0.3149997 0.3858272
0.4197524 0.2560642 0.4663638
0.5145345 0.3315655 0.4779364
0.5892294 0.3624865 0.426735
0.6595208 0.3813463 0.4294591
0.6289061 0.336541 0.3922818
0.6587919 0.2626471 0.3443804
0.5897161 0.2787652 0.382071
0.4174022 0.2446357 0.4382333
0.3712633 0.2371257 0.5178346
0.3378134 0.244761 0.4848687
0.4296886 0.3343155 0.4518099
0.4355831 0.4083375 0.6021792
0.3771951 0.3372864 0.569451
0.3875733 0.3404827 0.5720019
0.473437 0.4259858 0.707383
0.4266554 0.3703492 0.674011
0.4830588 0.2259078 0.555177
0.3840352 0.1661073 0.5593353
0.4054032 0.1021118 0.5199105
0.3971079 0.1610207 0.4822021
0.3442814 0.135899 0.4721862
0.3763062 0.2963181 0.5001496
0.3704603 0.2519135 0.5315304
0.4611502 0.2641247 0.5176391
0.48983 0.3442474 0.5682861
0.5881088 0.4109256 0.5006001
0.5776497 0.3944232 0.4946996
0.5325642 0.3577266 0.4826154
0.5353461 0.3327911 0.4293098
0.4134744 0.2395982 0.4323522
0.4417583 0.2845484 0.4667577
0.3997835 0.2471131 0.4300662
0.4306326 0.2261648 0.3326251
0.5141477 0.3104655 0.4769791
0.4480591 0.2785823 0.3893553
0.4645095 0.3026668 0.4037656
0.4368481 0.3177959 0.4320449
0.4509589 0.2850577 0.4354158
0.5441121 0.3395717 0.4203734
0.5330208 0.3638212 0.374196
0.6828896 0.4827474 0.5068388
0.4590517 0.2911 0.3407453
0.7433615 0.4495263 0.3870269
0.7205805 0.4225212 0.3355294
0.7815164 0.4884602 0.4099997
0.5256788 0.3319671 0.320942
0.5646537 0.3421834 0.3457378
0.5715151 0.3448181 0.388872
0.4468115 0.285303 0.4068236
0.3421667 0.2249124 0.3564427
0.3785147 0.2115118 0.3774295
0.4840729 0.2772807 0.4456516
0.385478 0.233971 0.5072592
0.3837534 0.2005181 0.4164459
0.4378121 0.2575072 0.579098
0.3950756 0.2821517 0.4636597
0.4607984 0.2988145 0.513519
0.4609973 0.3153115 0.5755713
0.4978953 0.4044046 0.697675
0.4000252 0.2934776 0.6887431
0.4538109 0.3082542 0.6247743
0.5957078 0.3850086 0.6560124
0.5451769 0.3653951 0.6450229
0.4006985 0.2335229 0.4345235
0.4223041 0.2551355 0.4732971
0.4004438 0.1992068 0.4353124
0.3830196 0.2420377 0.4456831
0.353001 0.2551938 0.4309189
0.3825897 0.3283761 0.5259325
0.3544051 0.287201 0.5052244
0.4971129 0.355408 0.5071845
0.4913721 0.3244783 0.5047066
0.4847741 0.3312281 0.4422615
0.4017576 0.2564989 0.3466907
0.3466987 0.2186769 0.3617512
0.3574038 0.289456 0.4583475
0.3682479 0.2603677 0.4420655
0.4986661 0.3885208 0.5829609
0.4489712 0.3188484 0.4973564
0.4261116 0.305366 0.5068489
0.4031398 0.2675763 0.3814121
0.4143861 0.3539359 0.4966904
0.4981886 0.4401924 0.5109244
0.5238318 0.4132561 0.4639106
0.497316 0.356457 0.4741086
0.5159262 0.3903071 0.5111369
0.4403078 0.3114887 0.4530373
0.4044079 0.3606717 0.4996019
0.5375555 0.4796582 0.6013548
0.4937637 0.3779628 0.4675034
0.4234873 0.3355898 0.4321926
0.3928824 0.2896106 0.3860168
0.4456052 0.348733 0.415951
0.36729 0.2934377 0.4202775
0.3266393 0.2562845 0.4113332
0.3213805 0.2484621 0.3979274
0.3563944 0.3267414 0.5324368
0.2879873 0.2119286 0.4432357
0.2900714 0.2401979 0.4418069
0.2973336 0.3188684 0.5306164
0.4090063 0.4779536 0.718015
0.3881396 0.4042001 0.607238
0.3482335 0.3138045 0.4765022
0.3654217 0.3323324 0.4755457
0.3937055 0.3417709 0.4335012
0.3239361 0.2457585 0.3102907
0.315422 0.2325379 0.3157097
0.3875704 0.265035 0.3424291
0.404923 0.2858112 0.3659481
0.417693 0.3081566 0.4340247
0.548117 0.4054825 0.5318513
0.58264 0.4267396 0.4889136
0.4268398 0.3161633 0.3624075
0.4149817 0.3067202 0.3745117
0.3683168 0.2419982 0.3295121
0.391697 0.2314652 0.3123107
0.4565213 0.2337373 0.4509393
0.6014029 0.3195481 0.5519285
0.6755888 0.3559144 0.5628521
0.619774 0.3898859 0.5545548
0.464386 0.3030285 0.4990685
0.6457662 0.4120198 0.5065361
0.6851713 0.4205596 0.4166525
0.7256213 0.4151741 0.3960494
0.605398 0.3828003 0.3894797
0.6575468 0.4159491 0.4172837
0.5968596 0.3835766 0.389206
0.5649136 0.3974207 0.463953
0.5162289 0.3045622 0.4021764
0.3793827 0.2040925 0.3930563
0.3201029 0.2438528 0.3931914
0.3156941 0.2532414 0.384581
0.482316 0.4166832 0.52349
0.4809976 0.4308858 0.5478242
0.524116 0.5156439 0.6858704
0.3530259 0.3547803 0.5208369
0.3254758 0.2755574 0.4386328
0.3493707 0.25022 0.3537743
0.3433239 0.2416765 0.3646754
0.3442529 0.2634738 0.3591405
0.2966398 0.2491263 0.4195082
0.2918881 0.2569869 0.4231169
0.2694116 0.2868381 0.4997544
0.3480629 0.4254372 0.7653186
0.3644407 0.3584397 0.5447307
0.3952781 0.3500464 0.5058105
0.4963608 0.4464234 0.6073875
0.4337363 0.3672576 0.5215382
0.3472704 0.2750994 0.4548472
0.3421279 0.1888236 0.4537137
0.2550789 0.1209584 0.4358065
0.2846864 0.1413218 0.3530224
0.2187235 0.110417 0.3709586
0.2794674 0.1352357 0.3094844
0.2665124 0.1669417 0.3291184
0.2855052 0.1757585 0.339951
0.422651 0.2842167 0.4302741
0.4223256 0.2667798 0.4507673
0.4782474 0.2596926 0.4122812
0.6180534 0.3787537 0.5270528
0.5834584 0.3351243 0.5053406
0.670842 0.3583341 0.4365415
0.6405663 0.2770115 0.4151546
0.5734871 0.3307703 0.4936911
0.445485 0.2807252 0.5084664
0.4159207 0.2786209 0.4909859
0.4094466 0.2256423 0.5097665
0.4524253 0.2825729 0.5187258
0.608214 0.3089081 0.5394053
0.4224169 0.2382189 0.5887972
0.4768962 0.2615153 0.5201335
0.373914 0.2206707 0.417734
0.3857406 0.2607579 0.4302919
0.3492482 0.24546 0.38516
0.3969349 0.2506871 0.3946014
0.4112929 0.3203228 0.4931343
0.495678 0.3899757 0.5280071
0.5502052 0.3622977 0.4908713
0.5530317 0.3477815 0.4124363
0.4589156 0.3122447 0.4143318
0.4566499 0.3203835 0.4129252
0.3169989 0.2218802 0.3564096
0.4171873 0.3215215 0.4334615
0.529186 0.3473838 0.4505433
0.4848044 0.3131278 0.3573351
0.5594959 0.3275779 0.3197298
0.4762512 0.3092877 0.3587775
0.4485794 0.3568932 0.4362928
0.440901 0.3689926 0.4712953
0.5122231 0.3094245 0.3234396
0.3935242 0.2197524 0.3044288
0.5406249 0.3416173 0.4182839
0.4846412 0.3332953 0.4557276
0.4449421 0.3135827 0.4786593
0.3848459 0.2396548 0.3395349
0.4488839 0.2702193 0.3260817
0.4220627 0.2941389 0.3601896
0.4424214 0.2908701 0.3562934
0.499865 0.3156935 0.349005
0.5214308 0.3337532 0.4173061
0.5975234 0.3369915 0.3767508
0.597231 0.3209559 0.3011312
0.5668751 0.3048702 0.3443118
0.5386826 0.3415918 0.4132454
0.4196466 0.2854797 0.4514831
0.3275395 0.2349327 0.3602531
0.441601 0.3009747 0.401725
0.4035201 0.2937332 0.4060424
0.4485214 0.3895444 0.5470702
0.5160708 0.3714932 0.4797372
0.5431849 0.4194698 0.4685713
0.5182145 0.3843855 0.4250217
0.6151638 0.4374054 0.5436047
0.6108541 0.5068113 0.6088097
0.5634827 0.41182 0.5182444
0.5308286 0.3671408 0.431492
0.4174719 0.1562667 0.4607536
0.5225663 0.3272256 0.5184938
0.4775447 0.2303408 0.344692
0.5728626 0.3153375 0.3879109
0.583183 0.3062533 0.3413146
0.5388612 0.2849433 0.3417355
0.4747466 0.2293294 0.3103629
0.3875769 0.2505493 0.3779836
0.4150777 0.281923 0.4682816
0.4817868 0.2702121 0.3666807
0.3807263 0.2349534 0.4632815
0.4597377 0.2605063 0.4862642
0.6243619 0.34702 0.4116255
0.5352662 0.2485087 0.3429558
0.4993906 0.2947889 0.3797747
0.5555857 0.2962524 0.3586564
0.5010693 0.2882082 0.3519856
0.3516593 0.2023529 0.3270301
0.2634765 0.1497813 0.3132039
0.3259094 0.2129002 0.4336196
0.3398857 0.2595724 0.4029967
0.3453145 0.2697394 0.4339696
0.378288 0.2933107 0.4352132
0.584512 0.4554738 0.5284375
0.5136116 0.3171714 0.3902971
0.5166942 0.3497722 0.4312518
0.4679365 0.2820547 0.3477163
0.5302211 0.3103651 0.3464141
0.4744123 0.2777083 0.339245
0.3594922 0.250809 0.3250583
0.3366144 0.2064317 0.3345736
0.3455362 0.2029916 0.3427461
0.3625531 0.1613579 0.3286155
0.3034145 0.1571796 0.2876322
0.3135841 0.1884308 0.3085112
0.3449043 0.1927377 0.3050981
0.3701134 0.1974376 0.2695896
0.3995655 0.2520427 0.3351574
0.5038246 0.3274814 0.4482619
0.4772015 0.2932261 0.4203903
0.4903217 0.2979755 0.4188001
0.4636698 0.3208299 0.481095
0.3598963 0.2374269 0.4238639
0.3532359 0.2439137 0.4497455
0.4651677 0.3094992 0.5188263
0.469723 0.2476574 0.4507716
0.4325994 0.2758806 0.4253501
0.3764429 0.2739608 0.5119096
0.4352465 0.2885769 0.483491
0.3542998 0.2751654 0.5112275
0.5686742 0.4250977 0.5841949
0.496309 0.3299081 0.5193877
0.4818522 0.305757 0.4043289
0.5521884 0.3450458 0.419833
0.4947665 0.3250115 0.4171366
0.5780177 0.4061998 0.46146
0.5181261 0.4286889 0.5811889
0.3128118 0.2525592 0.4241936
0.4053066 0.345012 0.5609678
0.4740054 0.3741585 0.5333078
0.5916625 0.3986359 0.5542427
0.4011074 0.2908905 0.5204261
0.4571282 0.3218931 0.5084164
0.5214106 0.3712677 0.4883228
0.369525 0.2653048 0.4774683
0.3778275 0.3219113 0.4889523
0.3915424 0.328127 0.5210448
0.5639629 0.4848419 0.7451306
0.6019416 0.5183728 0.6927103
0.5255846 0.3799243 0.5861926
0.3726424 0.2538809 0.5290042
0.2761945 0.2475907 0.4865991
0.303033 0.3179745 0.603514
0.3554067 0.2826489 0.4808995
0.3128177 0.2629649 0.5190616
0.3703472 0.2698398 0.4846783
0.4205739 0.318343 0.5591609
0.3280916 0.2529143 0.5564763
0.3424452 0.2269744 0.4608661
0.3914841 0.2875148 0.5058801
0.5509011 0.4092306 0.57008
0.6322264 0.4379186 0.5895209
0.5743087 0.4359339 0.5861734
0.6571733 0.5364824 0.7025175
0.5916678 0.4706134 0.5742267
0.539221 0.4008642 0.466422
0.5534162 0.3919494 0.4777256
0.5472755 0.3357218 0.3834954
0.471886 0.243501 0.3664839
0.3680944 0.1619438 0.3059958
0.3560531 0.2039379 0.4248259
0.5026242 0.263891 0.4143674
0.4057278 0.2386219 0.3814176
0.4064724 0.3056509 0.5742043
0.4127393 0.2241057 0.3596968
0.4651866 0.2742562 0.4664325
0.5444248 0.3573074 0.5495695
0.4867255 0.3079864 0.4484522
0.4641206 0.2633592 0.4084296
0.4658422 0.2901524 0.4322723
0.5274064 0.2715653 0.4556617
0.4760263 0.2982855 0.4676492
0.3459121 0.220491 0.3671792
0.319629 0.1888585 0.3898991
0.3292242 0.1846685 0.409217
0.4428412 0.3035355 0.5128581
0.5526581 0.3689791 0.5564954
0.5595217 0.3695014 0.5721982
0.4342729 0.3047505 0.4737605
0.450249 0.3461535 0.5649752
0.5122508 0.3764391 0.6152724
0.5095645 0.3719072 0.6904734
0.4713073 0.338482 0.56237
0.5600118 0.4323619 0.669402
0.5309745 0.3173522 0.5023732
0.4530761 0.2719373 0.4931434
0.5148784 0.3649221 0.6099675
0.4446425 0.2772501 0.6277757
0.4841152 0.2983928 0.6946645
0.5273201 0.3188426 0.6441512
0.5287147 0.2737262 0.6475823
0.4692786 0.2904706 0.6935847
0.4499513 0.1939179 0.5764939
0.3869231 0.2008951 0.5288741
0.3675525 0.1761372 0.5583177
0.3659097 0.2510223 0.5710954
0.4572961 0.3033794 0.437727
0.3585542 0.2105368 0.402192
0.4472158 0.194257 0.3903436
0.4075336 0.2044604 0.3333967
0.4154172 0.1470842 0.3051627
0.4242145 0.1781807 0.3050271
0.5474418 0.3452865 0.5108491
0.5918744 0.4567897 0.656684
0.5451152 0.3832493 0.529918
0.586009 0.335451 0.4543502
0.5218529 0.2880237 0.6068045
0.4394859 0.2672401 0.6022187
0.3819515 0.2228153 0.5998368
0.3697682 0.2289128 0.556817
0.3121702 0.1900472 0.5302594
0.2726631 0.1831818 0.4845944
0.3015341 0.1490911 0.4604981
0.3449475 0.1814215 0.4952523
0.4865707 0.2790464 0.5185498
0.5578426 0.2957261 0.459289
0.6035525 0.3383083 0.4744427
0.5796376 0.2946559 0.495367
0.5796992 0.3193547 0.5126127
0.4322984 0.2709422 0.5240895
0.4857142 0.2515989 0.4261432
0.4705554 0.3040665 0.4404962
0.3166914 0.2045356 0.4066509
0.4963766 0.1582556 0.3207042
0.4065465 0.183349 0.3739249
0.3583389 0.1853006 0.3345531
0.3563332 0.1729258 0.3438572
0.4574884 0.2696984 0.389986
0.5113167 0.2771887 0.3720479
0.5772164 0.2993247 0.3882153
0.5599969 0.2773263 0.3273002
0.5046752 0.2627106 0.3763945
0.4307901 0.1781664 0.3316332
0.567021 0.2421477 0.3759824
0.5072036 0.231789 0.410355
0.4902908 0.277802 0.4037752
0.4878878 0.3243165 0.4390013
0.4487576 0.3214744 0.4895484
0.3907976 0.2527091 0.4516244
0.3818451 0.292035 0.5053023
0.4122242 0.2653006 0.3893709
0.4689241 0.3882399 0.526527
0.4444509 0.3649944 0.5326259
0.5179562 0.3854876 0.4882061
0.4838678 0.2874737 0.3651453
0.4489291 0.2071638 0.306029
0.3018878 0.1626964 0.2739009
0.339051 0.1892715 0.2932053
0.3396533 0.2041753 0.2954624
0.3269045 0.1739986 0.2896693
0.4488039 0.3075619 0.3911297
0.5252225 0.2945707 0.3425459
0.5554366 0.3350934 0.4642794
0.5913884 0.3399578 0.6351991
0.4910516 0.2274497 0.5188887
0.5858614 0.3268862 0.5096235
0.4664748 0.2337369 0.4935023
0.4219474 0.1912738 0.4183922
0.3227772 0.1615901 0.4375397
0.5106547 0.2089659 0.4793415
0.4390769 0.2308052 0.4590916
0.426101 0.2100333 0.5420252
0.4337575 0.1812202 0.5134611
0.3085107 0.1470253 0.4913757
0.3478672 0.228428 0.6085719
0.4128088 0.2761954 0.6518415
0.3475556 0.2426361 0.5463753
0.3669431 0.3069424 0.6174207
0.2978025 0.2407166 0.6466422
0.3591784 0.3289856 0.6430768
0.3490305 0.3489889 0.680134
0.3687792 0.3419852 0.683836
0.5106471 0.4229924 0.7088304
0.518586 0.4011704 0.5766488
0.4580405 0.35572 0.5008586
0.4380995 0.3102313 0.4109607
0.5062114 0.338066 0.420529
0.3885762 0.3085803 0.4594709
0.3489423 0.2927641 0.4900526
0.3697534 0.3056684 0.4685252
0.389056 0.3227325 0.4764642
0.2534109 0.209289 0.3959099
0.2937712 0.1877022 0.3534255
0.2941272 0.2165741 0.3585655
0.4221897 0.2851041 0.3366862
0.4345742 0.3146989 0.3919302
0.3762666 0.2544211 0.3295409
0.5221216 0.3873981 0.4511871
0.5059288 0.3397409 0.3998953
0.5949968 0.3771123 0.4033959
0.4868512 0.3185965 0.3621384
0.3537931 0.2202791 0.2890359
0.4001156 0.2205911 0.2990097
0.4831892 0.3090365 0.3649679
0.3966975 0.2785168 0.3263435
0.4211173 0.2873809 0.2914842
0.4391552 0.2814721 0.3075128
0.3188364 0.1872005 0.2195911
0.3263444 0.1760992 0.244078
0.2680221 0.1379381 0.2499595
0.3804897 0.2311083 0.3438683
0.3034664 0.1835561 0.3161217
0.2729427 0.1919466 0.3438327
0.2658965 0.1942736 0.3319912
0.2940146 0.2089236 0.2940542
0.2661272 0.1722758 0.3546816
0.3136619 0.1778971 0.3196264
0.4261117 0.237137 0.4004176
0.428039 0.2594296 0.45192
0.483328 0.351 0.539305
0.44918 0.355978 0.5219968
0.3944671 0.3032621 0.47552
0.4007379 0.3127487 0.4389473
0.4356668 0.243324 0.3617621
0.3191102 0.1671098 0.2623544
0.3707299 0.219764 0.3080133
0.3637014 0.2379394 0.3280342
0.321939 0.2526869 0.3282672
0.2925749 0.2654392 0.3482952
0.4261351 0.3768537 0.4808973
0.517531 0.4287891 0.5478807
0.3757886 0.3294808 0.4411828
0.3769816 0.3275127 0.4404299
0.4533475 0.2950965 0.6431733
0.628226 0.4280787 0.6524588
0.6471317 0.3366777 0.4655369
0.6124242 0.2446269 0.4027916
0.5320346 0.2531957 0.3380567
0.5079717 0.2597547 0.3872017
0.5385446 0.2809824 0.3737558
0.3804572 0.2196054 0.4789722
0.3649849 0.2859907 0.5511172
0.4210896 0.3031746 0.5185578
0.5950837 0.3139913 0.4716825
0.5966034 0.342782 0.5195693
0.4922165 0.2716729 0.4609444
0.4615451 0.2924521 0.4940087
0.4441314 0.3001447 0.462272
0.4205915 0.2593882 0.3605814
0.4141022 0.2141145 0.4164762
0.4519822 0.3088602 0.5888702
0.4386484 0.2977723 0.5168746
0.411773 0.215576 0.387291
0.5343507 0.3531491 0.532946
0.5336621 0.3549868 0.5652125
0.4162844 0.2322621 0.4132866
0.4677365 0.3172092 0.5153463
0.4839556 0.3140213 0.487067
0.3998403 0.2777617 0.4895771
0.5212506 0.3634281 0.5050361
0.5202641 0.3584556 0.5159759
0.4040123 0.2484268 0.3683769
0.384338 0.2664487 0.4396114
0.4092197 0.3048888 0.462037
0.4264148 0.3307446 0.4942432
0.6139618 0.3540492 0.3996049
0.5491241 0.3575315 0.4119277
0.4071975 0.2871426 0.3691532
0.4377059 0.2879818 0.3869737
0.4799576 0.3571272 0.4028928
0.4747435 0.4015095 0.4750811
0.4141986 0.3407826 0.4210233
0.4003646 0.3471185 0.459371
0.4698751 0.4024556 0.5009267
0.5564293 0.424185 0.5046653
0.4491178 0.3490549 0.4753825
0.405628 0.3464064 0.5205841
0.3476618 0.2814209 0.4395603
0.4552614 0.2604219 0.3830934
0.4136795 0.2536199 0.450856
0.4117298 0.1869957 0.3591112
0.3812528 0.1599443 0.3265696
0.3337486 0.1424484 0.2906632
0.4076554 0.2405481 0.3813728
0.4185783 0.2334208 0.3722851
0.4986855 0.2823567 0.3918838
0.4695705 0.2510622 0.3213992
0.3535689 0.2510168 0.3831996
0.3884805 0.2941836 0.4050834
0.4315873 0.3790656 0.4897779
0.4678565 0.4261487 0.554669
0.427816 0.3316092 0.3923453
0.3608331 0.2651705 0.3073209
0.4816335 0.3007705 0.2748241
0.4069725 0.2615582 0.2477451
0.5062548 0.2471752 0.233516
0.461759 0.2713182 0.2874293
0.4732467 0.3040895 0.3209428
0.5901176 0.3549337 0.3801597
0.487409 0.2468671 0.3219914
0.425036 0.1926266 0.3130713
0.3759821 0.2211942 0.3575889
0.3641549 0.2468686 0.3901501
0.3905419 0.264484 0.4406167
0.4692333 0.3213179 0.5575679
0.4875934 0.2925021 0.5974848
0.4911951 0.3425343 0.6575986
0.4754939 0.29748 0.5010038
0.4199705 0.2546709 0.4903587
0.4307841 0.295687 0.4304894
0.4979859 0.3167333 0.3987761
0.519568 0.342206 0.3906542
0.5556405 0.3482007 0.3946515
0.5302871 0.2154002 0.3435493
0.4215533 0.1703083 0.3711737
0.4526556 0.2739761 0.461253
0.431298 0.322306 0.4897766
0.4591307 0.3261129 0.4508857
0.5333029 0.3475988 0.4723065
0.6170952 0.4337295 0.4856812
0.5300226 0.3889022 0.4945046
0.5423293 0.3479032 0.3673961
0.463296 0.3244095 0.3761547
0.3954752 0.250928 0.3122014
0.3147686 0.2135219 0.3176142
0.4039024 0.3137748 0.4557815
0.4144549 0.3086429 0.4670858
0.3786554 0.301231 0.5044488
0.2559881 0.2103429 0.398115
0.245951 0.2283418 0.4539833
0.3196823 0.2585422 0.4326209
0.331264 0.2410943 0.4910628
0.4308054 0.3272519 0.4827882
0.5505768 0.3088319 0.4373544
0.5073221 0.3508634 0.5246928
0.5664686 0.4259074 0.5527758
0.4833162 0.3381085 0.5399946
0.547021 0.3752777 0.483566
0.4247775 0.2386442 0.3921128
0.5114569 0.3013959 0.4098645
0.3981354 0.2281791 0.4446228
0.4350773 0.2329821 0.3924038
0.3981022 0.21638 0.3167684
0.4515291 0.3462602 0.4737321
0.5820872 0.3709587 0.4109894
0.4922433 0.3893077 0.436136
0.4936868 0.4518399 0.551545
0.5027667 0.450703 0.576485
0.5004148 0.4445638 0.6081072
0.4519632 0.3770793 0.6443628
0.5211765 0.3033899 0.4421659
0.4252388 0.2234865 0.5788895
0.4188422 0.2215034 0.5388415
0.5224948 0.1884496 0.4409199
0.4958886 0.2309103 0.4547028
0.4189531 0.2093423 0.4015128
0.4051081 0.2328744 0.4961301
0.4618689 0.1633254 0.4495163
0.3779849 0.1359416 0.3843736
0.488369 0.1831036 0.4270851
0.5563966 0.2846761 0.6534089
0.5062578 0.2597172 0.5256116
0.5498633 0.2992445 0.5597863
0.5902027 0.3751042 0.6581679
0.5003408 0.3153284 0.7126443
0.5903204 0.2850702 0.5987619
0.5777346 0.3274765 0.5471027
0.5502735 0.2829575 0.4275125
0.570089 0.2214857 0.3266169
0.5922429 0.2720827 0.3717887
0.5656571 0.2541769 0.4388521
0.4019754 0.2037151 0.5193354
0.403023 0.2279941 0.5096655
0.3191703 0.1493344 0.44887
0.3404563 0.1047454 0.4080598
0.3944565 0.1167188 0.3777031
0.3986192 0.1286127 0.3913051
0.4730611 0.2784506 0.4491905
0.4040549 0.2426066 0.4329973
0.5473621 0.3443007 0.4426324
0.6862039 0.4561029 0.4745476
0.4819087 0.1480055 0.6645876
0.3914329 0.1669927 0.6742102
0.4206767 0.2721363 0.5898274
0.6128443 0.3449138 0.5486031
0.6183254 0.3667287 0.5931017
0.5084052 0.304762 0.6506414
0.5338184 0.2744539 0.5347334
0.5343377 0.3586113 0.5779777
0.4802071 0.2932642 0.4236388
0.350774 0.2035167 0.3741046
0.4563732 0.166252 0.42233
0.4491111 0.193889 0.4240466
0.4703658 0.2025284 0.3666111
0.5919431 0.3104779 0.5444363
0.6022142 0.308841 0.5456976
0.5901384 0.3066958 0.5782375
0.638138 0.2915031 0.5092014
0.5535076 0.1264479 0.4117885
0.5107577 0.1699858 0.3893055
0.5608722 0.1298319 0.2759591
0.6469228 0.2555399 0.5265391
0.6138206 0.2058171 0.4077577
0.4745019 0.1905153 0.3707142
0.5223185 0.293057 0.4596383
0.5112242 0.3190715 0.4701769
0.4644182 0.3136775 0.528837
0.4079917 0.3140156 0.5261124
0.376175 0.2819581 0.4623471
0.4309116 0.312101 0.4565924
0.4121705 0.2810998 0.4555134
0.4301943 0.136146 0.4254445
0.4059048 0.1757342 0.4226799
0.3679012 0.2165792 0.5430846
0.3729834 0.1300452 0.4804064
0.5213525 0.2593057 0.4908961
0.4045498 0.275201 0.528044
0.4552915 0.3088878 0.5528004
0.4363339 0.2799135 0.4373166
0.4649306 0.2807322 0.4152406
0.5658619 0.353479 0.4694046
0.4931885 0.2009734 0.4592185
0.5847868 0.267225 0.5095653
0.5755672 0.2567981 0.3721136
0.5130525 0.2272799 0.4429157
0.5044841 0.2859146 0.4578509
0.5929826 0.381993 0.5327365
0.3321421 0.2524885 0.4095673
0.3522792 0.2208224 0.3536713
0.3639434 0.2354472 0.3440598
0.3282587 0.2352148 0.4414006
0.5378544 0.1651416 0.5525883
0.5459918 0.1565895 0.5857012
0.5411305 0.2487989 0.4983529
0.4311839 0.1764862 0.412563
0.4184002 0.1429949 0.3776258
0.4186603 0.1889211 0.4445289
0.4605386 0.1915384 0.4283559
0.5314554 0.2389689 0.501289
0.5344277 0.2684986 0.5024546
0.6322188 0.3600787 0.5403076
0.5773025 0.2518508 0.6213287
0.4466825 0.237885 0.4937951
0.4242643 0.2492987 0.4077826
0.3640399 0.1934277 0.4963683
0.5423824 0.2771077 0.4646087
0.6434539 0.2948728 0.4641119
0.6452064 0.2940312 0.365659
0.4760026 0.2708925 0.4418446
0.5229605 0.2513213 0.4231417
0.5732504 0.2993048 0.5136478
0.4861303 0.1633139 0.3867441
0.5676291 0.1817507 0.3929039
0.7742578 0.3549499 0.4668609
0.5006625 0.2049144 0.3948454
0.5316629 0.2071617 0.4379071
0.4611241 0.114413 0.5050839
0.4113427 0.2059987 0.5462189
0.502045 0.3144699 0.6117107
0.3830242 0.2338225 0.5139215
0.4403934 0.2037363 0.4535442
0.4351633 0.2465603 0.51762
0.385281 0.2684167 0.52532
0.5572941 0.2778783 0.4520876
0.57963 0.3652394 0.5590579
0.4410576 0.2973454 0.4217272
0.4706788 0.3184216 0.4174759
0.5321753 0.3175622 0.4090823
0.4275503 0.2773465 0.4120064
0.435909 0.2548455 0.3281441
0.5458293 0.2998325 0.3293645
0.5882607 0.2334297 0.4513117
0.6292855 0.2323165 0.3344558
0.5150284 0.3167529 0.4895645
0.5944199 0.3779008 0.5024125
0.5716153 0.3445714 0.4851761
0.7309832 0.5725208 0.7029345
0.7064925 0.5597105 0.6100791
0.6280566 0.4695687 0.5351659
0.6428977 0.445885 0.5122793
0.6246751 0.4738761 0.574299
0.6105909 0.2383619 0.4153946
0.5161099 0.2391858 0.4980008
0.4452314 0.1784124 0.3411587
0.3607502 0.2020875 0.3712562
0.4096963 0.2798073 0.4381592
0.495517 0.2968373 0.5623462
0.4158289 0.2411038 0.4462646
0.50652 0.2836499 0.4221412
0.62067 0.3662211 0.4435446
0.5282431 0.3489863 0.4000598
0.5474086 0.2237512 0.4097469
0.5996429 0.3162045 0.5031869
0.4577565 0.2355236 0.4354687
0.460669 0.2594729 0.4731114
0.4757567 0.237367 0.4631025
0.5450426 0.2898888 0.4579373
0.5738646 0.2696444 0.3588648
0.5933065 0.355595 0.4231489
0.5379403 0.3327151 0.3580063
0.4480788 0.2813132 0.3479267
0.4606545 0.2009168 0.4074477
0.5720629 0.3033725 0.4753728
0.5622815 0.4026792 0.5449047
0.5756317 0.4582843 0.5740566
0.6026196 0.379611 0.5103859
0.5721628 0.3722832 0.4963788
0.5476429 0.3529969 0.4891231
0.5480045 0.3883792 0.4601832
0.5522628 0.4211016 0.5482767
0.4064359 0.3551844 0.5603387
0.4705355 0.1369615 0.4601756
0.4323077 0.1220721 0.4659913
0.5164031 0.1621008 0.4428981
0.4221205 0.1585029 0.4601347
0.4454306 0.182154 0.4491303
0.4484644 0.1586249 0.2888187
0.4646469 0.2250644 0.3694484
0.4049301 0.2124639 0.4181171
0.377322 0.1986959 0.4309176
0.3624703 0.1603814 0.4843802
0.5777246 0.2339134 0.4631426
0.5277682 0.3022238 0.5304728
0.4271835 0.2413608 0.4502496
0.3959645 0.1880049 0.3463588
0.3469859 0.2076401 0.3541023
0.3150176 0.1940541 0.3914469
0.3255671 0.2401858 0.4681193
0.4380196 0.3240505 0.4828376
0.3317875 0.2768837 0.4929649
0.3661062 0.2494057 0.4845482
0.4770526 0.1581389 0.3976853
0.4505313 0.2106718 0.4158152
0.4545061 0.1957795 0.4765856
0.5085919 0.2732097 0.493153
0.556339 0.2784884 0.4821061
0.5627827 0.2982511 0.4759031
0.4847494 0.2478924 0.4197956
0.5913903 0.2799321 0.4925266
0.5827152 0.3215281 0.4571825
0.6200434 0.2408023 0.3678771
0.5856693 0.2696139 0.5590686
0.5899375 0.4154805 0.7058369
0.482558 0.2716866 0.5819476
0.3868016 0.2736417 0.509472
0.339949 0.1851965 0.3776983
0.2933975 0.1447211 0.3821862
0.3345669 0.1219564 0.3660218
0.5610247 0.2186286 0.3842608
0.5092351 0.2255484 0.3420245
0.6118158 0.2090433 0.2794309
0.6663318 0.2033443 0.4919295
0.5216227 0.2327856 0.4609783
0.4492197 0.2838639 0.5097648
0.445018 0.2971099 0.5433011
0.3889922 0.2614725 0.463691
0.4228982 0.2845053 0.5023914
0.4361935 0.2274928 0.4096636
0.5219493 0.2210549 0.3728643
0.7821643 0.3705289 0.4456382
0.9649164 0.4504053 0.4371146
0.5999325 0.2969263 0.4818815
0.5427578 0.367295 0.5245176
0.5527175 0.3876425 0.5843705
0.4409837 0.2346575 0.4323708
0.4480985 0.2998081 0.5050441
0.3410767 0.1899577 0.3424359
0.3320258 0.1606416 0.3205257
0.2755977 0.1351334 0.2747285
0.2448509 0.1692875 0.3441758
0.30497 0.246894 0.4686045
0.484162 0.165516 0.4040275
0.487068 0.132074 0.2957275
0.5612642 0.171087 0.2686718
0.4815509 0.1907391 0.2745673
0.4928647 0.1485568 0.2673948
0.5105562 0.1607581 0.2579037
0.588106 0.2371989 0.3398887
0.5572351 0.2883244 0.3233714
0.4103103 0.2645245 0.3958197
0.4064702 0.2829507 0.4491442
0.3869125 0.1942752 0.5809142
0.430078 0.2281429 0.5708035
0.5495598 0.3641565 0.6392726
0.4774778 0.3141091 0.5687596
0.3216824 0.1959275 0.4697427
0.2950483 0.18508 0.3453856
0.3661361 0.262114 0.4170641
0.4476582 0.3617122 0.5721238
0.4171437 0.2871958 0.4364446
0.3876366 0.2276753 0.4632533
0.4151475 0.1962541 0.4671476
0.3442189 0.1818881 0.314404
0.3544878 0.2042341 0.3619527
0.3611235 0.1637579 0.3152578
0.3903911 0.2012783 0.3551637
0.3435915 0.1437729 0.3126983
0.4223923 0.1877451 0.4126757
0.4562665 0.2694139 0.5123615
0.5339403 0.3071184 0.5781186
0.3807086 0.1680513 0.3567281
0.5886816 0.3091469 0.5943994
0.5489692 0.3204698 0.6765686
0.451545 0.2807119 0.601989
0.5143023 0.4130664 0.7027142
0.53196 0.4015706 0.582051
0.3735084 0.2952991 0.4723409
0.3479258 0.2790459 0.5065036
0.3560087 0.3785665 0.671527
0.2970113 0.2950066 0.5229702
0.4200734 0.3173572 0.4526613
0.6226271 0.383908 0.6518973
0.5626241 0.2729964 0.5039831
0.6407208 0.354309 0.5550894
0.5504037 0.3044241 0.4644263
0.4875865 0.2745736 0.4366042
0.6291162 0.3217291 0.4444243
0.534177 0.2402766 0.4573554
0.5203361 0.318127 0.4906749
0.5437559 0.2718199 0.5037143
0.5130385 0.2806147 0.4901749
0.5089287 0.2234232 0.5077051
0.3913147 0.1332713 0.3255235
0.4605246 0.197124 0.3537647
0.4508316 0.2111239 0.3331045
0.3308251 0.1035179 0.2758931
0.3122586 0.1609355 0.2692465
0.379879 0.2076427 0.3211184
0.4945589 0.3135126 0.39053
0.5647658 0.3350291 0.4110637
0.5356286 0.3508916 0.4269123
0.4320797 0.1820925 0.5173633
0.3442722 0.1755071 0.544459
0.3235573 0.2146514 0.5495473
0.3125152 0.1804593 0.4366344
0.3581339 0.1725441 0.3610418
0.4585547 0.2607519 0.469702
0.5698822 0.3564158 0.5093871
0.6139054 0.3548527 0.5158129
0.599879 0.4189736 0.5705993
0.4346561 0.2995045 0.428003
0.6210173 0.2534945 0.4798956
0.5831966 0.2868594 0.4240377
0.5929454 0.2050297 0.4028591
0.6077335 0.223354 0.3895239
0.6862076 0.2420366 0.4257067
0.5357094 0.1688652 0.4567235
0.5296531 0.1482015 0.3382543
0.4899665 0.1005791 0.4304683
0.5977176 0.1748343 0.354279
0.5037668 0.1541921 0.3316313
0.3906734 0.218126 0.4356295
0.3337171 0.2026326 0.4081263
0.3922347 0.1914569 0.352242
0.3510211 0.2056882 0.3688444
0.4425113 0.2848904 0.4702725
0.4507172 0.2157766 0.3705854
0.4286063 0.2784839 0.4694985
0.4242236 0.320283 0.5050443
0.4342479 0.2980304 0.4510353
0.3825635 0.230871 0.3625198
0.4436465 0.2241161 0.5304812
0.426942 0.1917828 0.5300422
0.4367449 0.239222 0.4658637
0.4472642 0.2481841 0.4440066
0.2510354 0.1255747 0.3356305
0.2656077 0.1103239 0.3495275
0.3496252 0.1875938 0.3849128
0.476559 0.3140716 0.4556641
0.5182371 0.3209855 0.3801892
0.4856691 0.2649162 0.3518899
0.3803405 0.1451038 0.4393274
0.4280547 0.1743106 0.5517555
0.4843783 0.1849947 0.4871559
0.5245602 0.1247953 0.492743
0.5312177 0.3704639 0.9039424
0.6223039 0.3842635 0.7434585
0.6909077 0.3778902 0.5874705
0.7408739 0.4635458 0.621772
0.6728028 0.4095983 0.5784702
0.4730722 0.2820609 0.4019303
0.516847 0.2807408 0.568542
0.5017116 0.3062798 0.5256865
0.4965893 0.2702589 0.3987728
0.5549413 0.3258845 0.4449773
0.4634279 0.2197224 0.3009355
0.4502533 0.2345302 0.3374645
0.3735885 0.2496204 0.3621757
0.4548398 0.3760322 0.4878981
0.3984638 0.3259622 0.4569429
0.3684298 0.3015115 0.4283988
0.5280881 0.25982 0.5244187
0.4353989 0.2313328 0.4617872
0.517846 0.3590761 0.5502718
0.5817551 0.4459565 0.5888904
0.6317515 0.5500448 0.773449
0.6508696 0.5113274 0.6038803
0.6323315 0.4930618 0.6433714
0.5145684 0.4284848 0.5491108
0.4532543 0.3777072 0.5141113
0.4017255 0.3197852 0.3980133
0.4922125 0.1718975 0.5213171
0.3894321 0.2330833 0.4872818
0.5290145 0.2734905 0.4691979
0.4970665 0.3151093 0.5752174
0.540732 0.2593073 0.5041862
0.5614155 0.2514711 0.4882077
0.4982557 0.1981554 0.4436126
0.5275159 0.2832083 0.5301886
0.4669661 0.3271761 0.5450092
0.4771131 0.3406326 0.453724
0.5665414 0.1762017 0.389837
0.5106486 0.1807882 0.351598
0.4096837 0.2121483 0.3513785
0.5120514 0.3228532 0.3931954
0.4553623 0.2549221 0.3330575
0.5024973 0.3269353 0.4946736
0.4988492 0.282601 0.5524062
0.5803411 0.3953277 0.6410766
0.4986823 0.2760233 0.522356
0.4751483 0.2450658 0.4923071
0.5221941 0.2925055 0.5619723
0.6486948 0.323383 0.5312676
0.586003 0.2903644 0.3821749
0.5868163 0.3336001 0.4337778
0.5214015 0.2865375 0.4285834
0.44034 0.2640957 0.3469633
0.4007208 0.2127213 0.2568271
0.4771765 0.288471 0.3107956
0.4955092 0.3456689 0.3801771
0.4517303 0.3169899 0.3669775
0.4660654 0.2068618 0.4577158
0.5072087 0.1922299 0.4105924
0.4553602 0.1776042 0.3998366
0.3718963 0.2036187 0.4099962
0.3160763 0.1923174 0.4113913
0.3244089 0.1470425 0.2895486
0.4077259 0.2232396 0.3276028
0.5272686 0.3458404 0.4123089
0.6185188 0.4262473 0.5036703
0.5364727 0.3467985 0.5070614
0.4850928 0.3216086 0.6106745
0.4902697 0.3740066 0.6690806
0.4982988 0.4824848 0.7847205
0.394748 0.3687678 0.5887614
0.4678049 0.4391519 0.6716518
0.4027133 0.3697316 0.6142788
0.5571286 0.490386 0.6601654
0.5440241 0.4848288 0.5928703
0.4692562 0.4256112 0.5459649
0.4545814 0.3936566 0.4787893
0.4463953 0.1589639 0.5257613
0.4578081 0.2686246 0.5949088
0.349372 0.225191 0.4366754
0.255267 0.09716192 0.389726
0.3775524 0.1558386 0.313552
0.3964423 0.1368629 0.2803106
0.4297212 0.1827065 0.3302023
0.4055107 0.1948014 0.3372666
0.410248 0.2589231 0.4897844
0.4452169 0.3276465 0.5301757
0.4921804 0.2661632 0.4810547
0.4731876 0.3580823 0.6084097
0.4451485 0.390508 0.6748455
0.4231046 0.3154268 0.5539024
0.4516645 0.3235295 0.5042747
0.4716121 0.3958596 0.5145557
0.4898355 0.3995213 0.5117828
0.5389134 0.488195 0.6556756
0.4124709 0.3185079 0.4375523
0.3669403 0.2390637 0.2969273
0.5266279 0.1852826 0.5179735
0.5698271 0.2447066 0.6033039
0.4700053 0.2400519 0.5153079
0.5284102 0.2496224 0.4432263
0.3987426 0.1762662 0.3791279
0.3056551 0.14748 0.3860694
0.332534 0.1830256 0.3969619
0.2239714 0.1172654 0.4000676
0.2987502 0.1454751 0.3610083
0.3846905 0.1766747 0.3655545
0.4545129 0.2038209 0.4567154
0.4464313 0.195661 0.4685225
0.4537155 0.2490816 0.4947062
0.3997854 0.205835 0.4755791
0.3614837 0.1817182 0.3157474
0.4100832 0.1888104 0.2741879
0.4582093 0.3438043 0.4867178
0.3913682 0.3124671 0.5373564
0.3569728 0.2414467 0.429327
0.3385594 0.225306 0.3681761
0.4397996 0.1855289 0.4493844
0.4307817 0.193242 0.4562709
0.5046098 0.2533603 0.5154591
0.4464111 0.2925494 0.7558114
0.3487517 0.26939 0.6519792
0.3587866 0.2194528 0.6067138
0.4099767 0.2311305 0.6344787
0.4784736 0.2785607 0.4983351
0.4884382 0.2198843 0.3400917
0.5819138 0.1952115 0.3999289
0.4208456 0.248202 0.5643699
0.4828755 0.3130457 0.5353314
0.5400928 0.4424272 0.668982
0.5064738 0.3691335 0.5520147
0.4025157 0.2920261 0.552215
0.4547527 0.3181705 0.4887426
0.3674275 0.2184 0.4328184
0.4525961 0.2594195 0.4421907
0.4022134 0.3000878 0.4289104
0.5339809 0.373092 0.4864267
0.589045 0.2429307 0.475991
0.4866815 0.2589527 0.4777005
0.5260781 0.2787282 0.4293385
0.4822466 0.2321196 0.3765788
0.591349 0.3777632 0.4917572
0.5251215 0.324175 0.4675119
0.5411098 0.3377067 0.5229756
0.5772792 0.3376371 0.4887317
0.6037926 0.3759245 0.5998967
0.6159495 0.3942452 0.6185602
0.602535 0.2114592 0.4741977
0.613389 0.2231006 0.4619137
0.5407808 0.2906837 0.499858
0.6497021 0.2533336 0.427948
0.5113561 0.3176136 0.4384827
0.6235436 0.3733565 0.4067208
0.7064812 0.4300976 0.420433
0.4391633 0.3215997 0.397646
0.4638301 0.3694166 0.4600607
0.3984342 0.3065236 0.4059336
0.4925306 0.2486063 0.545523
0.6810161 0.3243789 0.4612104
0.5555229 0.3823526 0.5226693
0.4508449 0.3222674 0.479274
0.4314843 0.2630473 0.4311385
0.4803177 0.3185173 0.4987862
0.4166665 0.291117 0.5538706
0.4232078 0.3159955 0.5413844
0.3439368 0.2727259 0.4356994
0.3163794 0.2505891 0.4402652
0.4461592 0.162664 0.4228261
0.5332878 0.3085863 0.4815175
0.5806203 0.2884639 0.389211
0.5317569 0.2271768 0.3473774
0.4095202 0.1772503 0.3553721
0.3814404 0.1591333 0.3526614
0.310873 0.1824587 0.3877295
0.408065 0.3424027 0.5082514
0.4165735 0.3141412 0.4262403
0.5501997 0.386796 0.4877474
0.4909864 0.2491463 0.4790344
0.4348902 0.2141282 0.3737042
0.5044641 0.2630131 0.3447549
0.3951711 0.2282933 0.3248293
0.4622432 0.2996648 0.3308457
0.4470326 0.2994369 0.4004287
0.3928352 0.2873771 0.4456823
0.4803659 0.3517725 0.5370964
0.5155612 0.3212446 0.4831323
0.6491062 0.4175599 0.5137146
0.4138941 0.1580328 0.4587648
0.4749514 0.2050038 0.4284056
0.5163951 0.3251423 0.5687214
0.5592824 0.371734 0.5920908
0.5004197 0.3632762 0.5224733
0.6777362 0.5863302 0.7915357
0.6368232 0.5317258 0.6899578
0.550711 0.3957437 0.5467096
0.5132596 0.3185836 0.4680095
0.5747851 0.3793747 0.5914451
0.5729665 0.240115 0.6396817
0.5394631 0.2892136 0.553518
0.4938562 0.2073738 0.3885798
0.5207096 0.242452 0.3329417
0.5056879 0.2628886 0.3419466
0.4748543 0.2576875 0.3012595
0.5319768 0.3303783 0.3887776
0.5749186 0.3387308 0.3646025
0.4527743 0.2710464 0.3414057
0.51728 0.2796822 0.3718662
