-0.1814719 -0.06338484 -0.1532693 0.02562361
-0.1585958 -0.09736448 -0.001355768 0.1448655
-0.1252683 -0.2402633 -0.09783979 0.1903032
-0.09672568 -0.2178861 -0.05986538 0.1445295
-0.2693675 -0.1334173 -0.07107184 0.05875813
-0.3635402 -0.2602927 -0.107294 0.1372174
-0.4315119 -0.2852102 -0.1719769 0.2480502
-0.4584074 -0.1536322 -0.1518367 0.1511889
-0.4281086 -0.2157972 -0.2759493 0.07652227
-0.4338598 -0.1964715 -0.3179656 0.1031158
-0.5056207 -0.2720507 -0.2664334 0.03458802
-0.2053205 -0.2219191 -0.3206462 -0.125961
-0.3967142 -0.298648 -0.3854263 -0.07275776
-0.5665885 -0.451324 -0.3952715 -0.01569338
-0.535266 -0.4961596 -0.4217795 0.09552672
-0.6340841 -0.4958297 -0.4145157 0.1676309
-0.7202264 -0.4636577 -0.4507758 0.1139664
-0.7156699 -0.5713161 -0.2701022 0.1234076
-0.5824226 -0.4439466 -0.1529137 0.1989012
-0.6176508 -0.3305666 -0.1392071 0.2869728
-0.7436146 -0.353192 -0.1633133 0.2368577
-0.7244892 -0.3696179 -0.217994 0.2271364
-0.6767402 -0.3205563 -0.2222483 0.1792457
-0.6324056 -0.3427165 -0.130831 0.1280089
0.007753311 -0.02256745 -0.03743733 -0.01187249
0.05412696 -0.03421084 -0.02471211 0.00630557
-0.008762142 -0.06008845 -0.03245189 -0.0203781
0.01207463 0.02993172 0.03192597 0.02372235
-0.005950407 -0.02825729 -0.02710739 0.02568037
-0.01795801 -0.09158412 -0.05620136 -0.07128107
-0.03201728 -0.007482231 0.03145895 0.04302817
0.009413814 -0.05948156 -0.04675836 -0.06383149
-0.07354279 0.01061892 0.02467118 -0.003676524
-0.04238076 -0.04279959 -0.03983765 0.01258097
-0.04630189 0.0187504
0.004734775 -0.01194832
-0.005552998 0.01188249
-0.00211961 0.03828503
-0.01452057 0.009444044
0.03897353 0.07301895
-0.07001532 -0.04292094
-0.06701945 -0.01424478
-0.009958729 0.03295318
0.009357742 0.0265124
0.05238095 0.03136772
-0.01654163 -0.01601381
-0.03557494 -0.0007104893
-0.06960967 -0.01632393
-0.0407154 -0.02767896
-0.01291639 -0.01036265
-0.01915793 -0.02219779
0.01493645 0.02823378
-0.0003262189 -0.001487976
0.05512532 0.003337628
0.01807959 0.01851017 -0.007495637 0.06288004
-0.03248354 0.08788703 0.05546251 -0.00808804
0.01205606 0.01542054 0.01527656 -0.01508148
0.03378663 -0.02952085 -0.02427728 -0.0003872205
0.05234118 -0.02664472 -0.07093234 -0.04220859
-0.04504848 -0.001215588 0.06563393 0.04529192
0.007689247 -0.01767042 0.05542314 0.04429302
0.01656779 -0.02525781 -0.07578905 -0.01245183
-0.06401335 -0.0193438 -0.01183033 0.005084987
0.01801216 0.0001239043 -0.007155323 -0.02373825
-0.01643224 0.01967438 0.04615841 -0.02083374
-0.04545255 0.07468742 0.08534455 0.02765972
-0.006862573 -0.02200102 0.007613403 0.02224341
-0.006611999 -0.05344941 -0.06223793 -0.05098917
0.02143804 0.05887153 0.02715872 -0.01873427
0.04309356 0.02547473 -0.005905468 -0.02356801
-0.0377349 -0.001351544 0.006670588 0.06936944
0.004789186 0.04123498 0.005834861 0.01704809
0.07296089 0.07795389 0.03355066 0.04346902
-0.03330932 -0.08771008 -0.04556522 -0.01690548
0.02142023 -0.03878603
0.01997108 0.02076534
0.04352412 0.02203856
0.02482011 -0.02359586
0.01866864 0.0228476
0.06590355 0.0115535
0.003419924 -0.03420617
-0.02070155 0.03389446
0.01989569 0.009011302
-0.03342706 -0.02542897
0.02514091 -0.01293703
0.01288676 -0.01844419
0.02347381 0.07330609
-0.007738242 -0.002949302
0.009485727 0.01626947
0.01509909 0.06987165
0.08935546 0.007994861
-0.02038106 -0.01526982
0.002131067 -0.02184667
-0.001765771 -0.01015725
0.05523561 -0.01325268
-0.05220748 -0.03822288
0.0114549 -0.0047014
0.06214424 0.01906292
0.007983924 0.03651373
0.05206076 0.01955047
-0.02624147 -0.04246004
-0.03786451 0.01935491
-0.06899826 -0.06236268
0.08443716 0.06894245
0.02845627 0.05848333
-0.05068787 -0.05525742
-0.0395699 0.01463269
-0.03595525 0.003894086
0.001614279 -0.01559999
0.03311862 -0.03288162
0.03291455 0.01368672
0.01264808 0.002705792
-0.02783167 -0.06038256
0.005362675 0.0129356
0.03034506 0.009155698
0.003733401 0.03311092
0.03028127 -0.01565153
0.03349131 -0.03835951
-0.03334883 -0.01266593
-0.05959121 0.007890776
-0.03157598 0.01244504
0.03135524 0.00438785
0.00798097 -0.03040659
0.04539869 0.05720044
0.01042657 0.03898286
-0.02380464 -0.04746109
-0.0177599 -0.004024408
-0.006771918 0.05722258
-0.01724378 -0.04279689
-0.01723671 -0.04043298
0.0344985 -0.01382332
-0.006888562 0.02266559
-0.03144273 0.02775068
0.003390209 -0.03149356
-0.07183529 -0.02487857
0.007401755 0.03029416
-0.002731258 0.003332269
-0.001956138 -0.02720013
-0.02200766 -0.06737598
-0.02506138 0.008738945
0.02997889 0.002849018
0.004073197 0.04270913
0.02622502 0.0144613
0.001195814 0.01185606
0.01425333 -0.004809789
0.01769275 0.01304163
0.03248717 0.01484048
-0.05455788 -0.01556546
-0.04637025 -0.03550729
0.01503902 -0.01819408
0.005187879 -0.03682373
-0.06020342 -0.03134557
0.03865342 -0.009477255
-0.02819983 0.008551112
-0.04099824 0.0004539528
-0.04503711 -0.007837912
0.01533476 -0.04583796
0.0008935018 0.002905864
0.04595934 0.003441877
-0.04722757 0.04810094
-0.08208682 -0.001170114
0.02681716 -0.04375218
0.08135452 0.01591177
0.03582265 0.04679577
0.01033949 0.05034448
-0.03596954 -0.003248982
0.0505417 0.01334825
-0.038672 0.003752217
-0.04588189 -0.04372224
0.02917285 0.01901561
-0.01366254 -0.0124458
-0.01012638 -0.01122973
-0.06278014 0.02281919
0.02586845 -0.02965413
0.02475547 0.02702217
0.0003937167 0.04684846
-0.00292124 0.0250608
0.02628948 -0.03682393
0.07829947 -0.01582122
-0.01078652 -0.01529256
0.04091252 0.02214816
-0.02263183 0.007769273
0.0672978 0.0122981
0.03275259 -0.008853251
0.05456557 -0.01408507
0.05303369 -0.04302523
-0.004931759 0.03974405
-0.02210436 -0.004277237
-0.02409953 -0.02716638
-0.05506836 -0.04098355
0.009534891 -0.003977624
-0.01903475 0.05019522
0.001296312 -0.01575329
0.04103678 0.003911661
-0.006521161 -0.04147615
-0.009164115 0.004419027
-0.05345943 -0.02714559
-0.02035821 -0.01893101
0.05346638 -0.01205134
0.03104794 -0.04599267
0.002427509 -0.01973494
0.002997146 0.006823295
0.01267743 0.01160365
-0.06831225 0.001137502
-0.009293609 0.05515594
-0.003175205 0.003971487
-0.002031541 -0.0517051
-0.00596568 -0.02210918
0.005874601 -0.00550504
-0.005109426 -0.02581108
0.03470602 0.01035549
0.02042942 -0.01413576
-0.06068147 -0.007084591
-0.02123822 0.02297326
0.02824587 0.03613389
0.01396299 0.02020786
-0.02062964 -0.04788876
0.009443381 0.008429688
-0.001427177 0.04224815
-0.007776075 0.02129
0.002017519 0.006546825
-0.007738305 -0.0108318
0.01233062 -0.03488283
-0.02690883 0.02640874
-0.02004652 -0.03723472
0.03110258 0.05245448
-0.04710855 0.004452103
0.001405644 0.02035039
-0.05899018 0.023015
0.01739715 -0.07863078
0.01673035 -0.01339589
-0.04483052 0.02294594
0.07827251 0.03761244
-0.02453026 0.008299541
-0.008800484 0.03235889
0.002759954 0.03997695
-0.002341438 0.01711392
0.01390867 0.01835802
-0.02324082 0.005893469
-0.03622122 0.03095763
0.01945113 -0.0159487
0.01437761 0.01370202
-0.0213894 -0.02371198
0.04735989 -0.03829332
0.03271585 0.00817627
0.06052065 -0.08557791
-0.03833782 -0.01958537
0.01312836 -0.01186194
-0.02694886 0.00594017
-0.009895186 -0.08576574
0.03825111 0.05798514
0.003905147 0.04827012
0.006207874 -0.01238309
-0.03984808 0.003723788
-0.0959312 0.01527663
-0.0009794757 0.06265503
-0.0233036 0.02813946
-0.02450907 0.02024842
-0.0008184447 0.02148719
-0.01673981 -0.04174204
-0.0326364 0.003993957
0.03620074 0.08460567
0.04548721 0.04173259
0.000921203 -0.01926135
-0.008491569 -0.04860966
0.004436704 0.01581495
0.04361885 0.01033832
0.01968571 -0.02196132
0.01952307 0.005303949
0.02459094 -0.009934227
0.04813681 0.03625276
0.03825272 0.01832625
-0.02794668 0.02466947
0.0362708 0.07460825
-0.02995167 -0.03468238
0.02524 -0.02200781
-0.003861391 0.04727727
-0.0451525 -0.04522324
-0.01807244 -0.02372495
-0.01418734 -0.02364791
0.04040037 0.01727551
-0.05530251 0.02425603
-0.01211035 0.02150392
0.01363198 -0.01536013
0.02905136 0.04565546
-0.02332417 0.01457327
-0.02677837 0.004498483
-0.03102991 0.007085565
0.0237895 -0.04700535
0.00656416 0.002921407
0.05022885 0.03416571
0.03511446 0.02346292
-0.0598865 0.002094417
-0.01898483 0.03770233
-0.03000354 -0.03178986
-0.05872865 0.009213031
-0.0002871543 0.009173576
0.04671726 0.01509307
0.001815589 -0.03091868
0.02385688 -0.01294922
-0.008545607 -0.05660924
0.01966253 0.005108514
-0.02073699 -0.03863107
0.003104263 0.03183768
0.0106826 -0.03207524
0.02909453 -0.02185897
-0.004161942 -0.009930193
0.002542728 -0.0319152
0.03470246 0.006502213
-0.05122987 0.01424671
0.03769378 -0.03242412
0.01535029 -0.03033062
-0.01440394 -0.002349631
-0.01728123 -0.01236369
0.0007799757 0.03496749
0.06556116 0.0254767
-0.05642332 -0.002841657
-0.005147851 -0.02469877
-0.01197913 -0.002617098
0.004745273 -0.01701204
0.003537082 0.001440482
-0.01495145 -0.007534575
-0.004161784 -0.05473063
0.02553015 -0.0106999
0.006521731 -0.04385434
-0.01015143 -0.04896862
0.03679815 0.02862648
-0.02399775 -0.04432255
0.02503591 -0.03338197
-0.003349591 0.008405036
0.05059099 0.0122175
-0.01283946 -0.03734501
-0.01143339 -0.01406701
-0.02461763 -0.02102358
-0.01991151 0.03001165
-0.02277051 0.02334662
0.01790131 0.05709813
0.02214267 0.005397631
-0.05248523 -0.076821
0.01661586 -0.01849793
-0.01143568 0.007214576
-0.002093302 0.05683483
-0.03701795 -0.06188334
-0.02497607 -0.08312916
0.01782061 -0.04640964
0.001319449 0.04454777
-0.001375144 0.04914581
-0.01969287 0.003572884
-0.03114888 0.007073261
0.02784704 0.05349179
0.01469848 -0.04191114
0.06278873 0.03088336
-0.01417166 -0.001249051
0.05311032 0.01392386
-0.009287314 -0.05205486
-0.02741645 0.03045911
-0.03737028 -0.008648225
-0.01286211 -0.004956881
0.0109727 0.003143589
-0.06931085 -0.01845422
-0.01528815 0.01536027
-0.01436401 0.04625744
-0.03913683 0.008906585
-0.003349004 0.007327256
-0.06522086 -0.04990896
-0.05800854 -0.07801335
-0.01278079 -0.01002474
0.007545986 0.009065861
0.02347865 0.06229412
-0.006438725 0.01291051
-0.04309605 -0.02497759
-0.03527726 0.03324617
0.008378922 -0.02882975
-0.008444065 -0.018389
-0.007885074 -0.04403595
0.05524281 0.04715816
-0.02644147 0.01368839
0.01523281 0.02683937
-0.0005994606 -0.01662398
0.006835959 0.04233463
-0.07994084 -0.04836264
-0.03095549 0.01075512
-0.05785516 -0.01433253
0.03843188 0.01183661
0.02450476 0.01247805
-0.03274592 -0.04936267
0.0002812487 0.02121785
0.009305591 0.01574335
-0.03584035 -0.04144236
0.05378004 0.01181938
-0.07690838 -0.004695055
-0.02546681 -0.001113489
-0.009513204 -0.03926317
-0.01693527 -0.0113845
0.008676272 0.03136602
-0.0574472 0.04856261
-0.01831017 0.01519289
0.01569329 -0.03645993
-0.005654876 -0.03147306
-0.01685237 0.03235527
-0.01470519 -0.02200459
0.006950243 -0.02562884
0.01822801 0.01123324
0.0004389991 -0.01364874
-0.03494665 0.001037249
-0.06559021 -0.03347614
0.02954539 -0.007243967
0.01244956 0.06238776
0.03746289 0.004458252
-0.01884958 0.01974392
-0.007872053 -0.05098775
-0.007561733 0.02923763
-0.03805885 0.02978774
-0.01104042 -3.348042e-05
0.002030526 0.001124995
-0.05445819 0.05694838
-0.002731685 -0.03752654
0.004848425 0.01216285
0.004533636 0.001545572
0.001662243 -0.008396077
-0.008956003 0.007095173
-0.03253703 -0.04093306
0.009412808 -0.02194481
0.02600212 -0.002996298
-0.007893326 -0.02548794
0.07093953 0.005533802
0.03773139 0.006727687
-0.02446778 0.005671284
-0.08183379 0.02470839
0.003130148 0.05328723
-0.05691145 -0.03375486
0.02832335 0.02452537
-0.02783108 0.0005813407
-0.03867814 0.01603096
0.004428517 -0.0008211091
-0.03865655 0.02006983
0.01010153 -0.06598691
-0.002907526 -0.02825667
-0.01209687 -0.01006339
0.03798359 0.04569491
0.009003009 -0.04924683
0.008893267 0.04182198
-0.009254498 -0.01960583
0.01931792 0.03122129
0.004823752 -0.04168633
-0.05973977 -0.02046635
0.01607402 -0.02892343
-0.05640005 -0.009040288
-0.001656991 -0.05399131
-0.0438866 -0.02176141
-0.01899548 -0.006844268
0.01467017 0.01605093
0.07095991 0.02559571
-0.04323542 0.01475701
-0.01173713 0.02561116
-0.02595405 0.04477906
-0.02701429 0.01106081
-0.04177218 0.01768435
-0.03242075 0.02620213
-0.05429634 -0.03929992
-0.01975576 0.02816062
0.01566901 0.01209385
-0.03172071 0.03938106
-0.006308734 -0.04037584
0.03715385 0.01355263
-0.007822444 -0.004110607
0.002725619 0.0194729
0.02049817 0.02945558
-0.06712838 0.002329521
0.01488607 0.01725252
0.00537046 -0.01677485
-0.02470568 0.00346227
-0.03304376 0.06028874
-0.02636687 -0.02080822
-0.0565769 -0.04431109
-0.04097526 0.03617144
0.02166804 -0.01119438
-0.009003101 -0.02816932
-0.009832011 -0.08683698
0.03708666 0.03272429
0.002108535 -0.01587414
-0.02242502 -0.002728235
0.02992955 0.01995331
-0.01084995 -0.02676407
-0.07093558 -0.0378734
-0.006957285 0.02193386
-0.03746005 -0.04616534
-0.0324523 -0.004992576
-0.02279776 0.03512844
0.003650298 0.02832576
0.01273958 0.03891257
0.01992576 -0.01441271
0.008800602 -0.00505395
0.0006519571 -0.005936722
0.04758023 0.05989326
0.03576771 0.05310566
-0.01151462 0.02567492
-0.01905939 -0.005739342
-0.01326246 0.05107942
-0.004915572 0.01198748
0.02833939 -0.05529598
-0.03905791 0.04069061
0.03437988 -0.04014044
-0.03855569 0.05493669
0.02747763 -0.02986797
0.03441405 -0.008210909
-0.05061443 -0.0007685008
8.593687e-07 -0.06177741
0.02724803 0.0338018
0.02209462 0.009338454
0.007771256 0.05410828
-0.007720864 -0.0170634
-0.01241802 -0.07103369
-0.02926205 0.03455722
-0.0133175 -0.02035854
-0.01520584 -0.04139313
0.08127024 0.01193756
-0.0225848 0.04181582
0.01383514 0.02636048
0.0282157 0.0003088388
0.07412719 -0.01909244
-0.01099626 0.003357762
0.02936045 -0.0296695
-0.04060961 -0.04831028
0.0006405422 0.04746777
0.02214862 0.003873161
-0.005269323 -0.008907906
0.009154621 -0.04013959
-0.0157734 -0.05989432
0.01133711 -0.03282042
0.02333921 0.05178959
0.01455158 -0.03855737
0.02886481 -0.02695318
0.01858633 -0.03452391
0.008866363 0.04089632
0.01379419 -0.06855152
-0.04979337 -0.007435979
-0.05851149 0.00307145
-0.009066503 -0.008275255
-0.0329304 -0.005383014
-0.004208644 0.01602923
-0.01030364 -0.001627151
-0.01917399 -0.004501744
-0.04207811 0.01111953
-0.04697117 -0.006619793
0.001738671 0.02791757
0.001916088 -0.006954078
0.02838666 0.005610606
-0.02561747 0.06970697
0.004022145 -0.03456537
0.0704503 0.01971169
-0.01527936 -0.0001176738
0.03463054 0.04936654
0.05590273 0.03651254
-0.03705768 0.03442221
0.05725269 0.06184172
-0.0105195 0.0179564
0.01708139 -0.04933184
-0.05150948 0.04186857
-0.01534419 0.004198412
0.02239845 0.06218752
0.03906076 0.01640501
0.02455183 -0.008309215
0.00204652 0.01722003
-0.009468538 0.01725812
-0.008726438 0.002529238
0.04637377 0.02534357
-0.03751001 0.0242811
0.04991931 -0.01653716
0.0354375 0.02449728
-0.00688991 -0.0317662
0.0005955972 0.0168176
0.03852045 0.02142067
-0.0218882 0.00927376
0.00486435 -0.04909385
0.02902363 0.02210278
-0.03341998 0.04280177
-0.02485589 -0.03253859
-0.04902952 -0.01115338
-0.006405723 0.01526866
0.06837862 0.001190536
0.03105223 0.01408427
0.06100163 0.008396383
-0.04119524 -0.004103403
-0.07025078 -0.0454906
-0.04234875 -0.02342138
-0.02386828 -0.01210532
0.02157647 -0.005039119
-0.02133751 0.04215661
-0.0003696275 -0.000141898
0.00296509 -0.08655798
0.003314845 0.0475332
-0.02008932 0.02486931
0.02248972 -0.03593885
-0.001119492 -0.0307943
-0.02013226 0.006506626
0.0009548618 -0.01537453
-0.02400787 -0.008137525
0.02811824 0.03345579
0.009002803 -0.05639484
-0.006994073 0.01574861
-0.006741376 -0.009031867
0.07325373 0.04084766
-0.007579865 0.03944908
-0.03242447 0.004674856
-0.02247486 0.02675662
-0.02478742 -0.01864469
0.02324321 -0.03888677
0.03467006 -0.02992149
0.03487834 -0.02284758
-0.0511632 -0.01338999
0.00903691 0.01725682
-0.02143384 -0.0281756
-0.0317029 0.02744715
0.03487257 -0.007448697
0.02589075 0.04522876
0.03126919 -0.007380706
-0.007826029 -0.01290594
0.008384881 0.06315375
-0.00493052 0.002864601
-0.02459298 -0.008640897
0.009253609 0.03072457
-0.01507245 -0.002803658
-0.002876447 0.0133067
-0.05010493 -0.03946987
0.002966079 0.03788027
-0.009385176 0.02178137
-0.03720173 -0.0463059
0.007475583 -0.009693313
0.0269054 -0.01358537
0.05084359 0.05021086
-0.01551206 -0.02105833
0.0198244 -0.01056635
0.05462968 0.007474715
-0.04368525 -0.01497561
-0.01171764 0.04217191
-0.04359878 -0.0259246
0.02842114 -0.03076724
0.01442783 0.05802538
0.04445749 0.03782349
0.08062714 0.00588266
0.002803133 0.01564893
-0.0117068 -0.004861583
-0.0139469 -0.001402527
0.0133386 0.0009413877
-0.01173486 0.006002663
-0.0003118036 0.003851177
-0.03251727 -0.03908192
0.01118625 -0.01784747
-0.01434323 0.001784747
-0.04871908 0.02711729
0.0541196 0.03246037
0.01465213 -0.00419042
0.0310635 0.01351279
-0.01562363 -0.001962573
-0.004686461 0.01521469
0.008359973 -0.07022082
0.04565614 -0.08698704
-0.02569 -0.05897016
-0.01344051 -0.01486607
0.01039364 -0.02133655
0.03107842 0.02063672
0.0004881283 0.03150514
-0.002424044 -0.03930446
0.01221772 0.02731755
0.02065714 0.003552283
-0.03423197 -0.03853027
-0.03944599 0.05492433
0.04592503 0.005601293
0.006251059 -0.01654452
-0.02152218 0.03348928
0.03321724 0.01188457
0.007400451 0.003482776
-0.006973279 0.02594587
0.02672833 -0.03244675
0.0454714 0.01499197
-0.006126353 0.002077561
0.002684492 -0.02612072
-0.02733881 -0.03842603
-0.00632451 -0.01159192
-0.02149929 -0.07542507
0.02175504 0.04257174
-0.04876705 -0.04250471
-0.05172063 -0.07802851
-0.0518643 -0.00277886
-0.0226746 -0.005821557
-0.05124901 -0.009372022
0.0495052 0.00948574
0.03733467 0.01772499
-0.04961179 0.002376635
0.006055497 -0.003970537
0.0238511 -0.006962863
-0.03860812 -0.01087624
-0.06592594 0.04422956
0.01389875 0.006301839
0.0218321 0.01756499
-0.0329955 -0.04957675
0.05380739 0.01042949
-0.03522254 -0.04459312
0.03491988 0.02858252
0.01768612 0.002053945
-0.04276565 -0.01293128
-0.09057655 0.01785281
0.008551004 0.03076469
-0.02259546 -0.02011766
0.04235387 0.03300901
-0.04363113 -0.01216367
-0.002021121 0.0004424641
-0.005898378 0.03634259
-0.0459504 0.01229061
-0.006841389 0.05867026
0.01327264 0.03139846
-0.02256034 -0.02875064
0.03294734 -0.04191102
-0.02016773 0.01036943
-0.01561115 0.002949702
-0.02030601 -0.006948322
0.03821689 -0.03529303
0.02425606 -0.006191493
-0.03371178 0.01075212
0.05102059 -0.03049382
0.02981418 0.03456342
0.01794644 -0.06597703
-0.03604831 -0.008730848
-0.003784434 -0.005189642
-0.01770619 -0.002307031
-0.02680582 -0.002796832
0.01717682 0.02693985
0.02027058 -0.01773766
-0.02669578 -0.02358845
0.003806304 0.03025203
-0.01125022 0.005450896
0.04817822 -0.02534501
0.0169461 -0.01646739
-0.03462736 -0.02558775
0.03662132 -0.03732757
-0.01612725 -0.03057926
0.008770374 0.003092355
0.04962352 0.02325925
-0.001381285 0.004918828
0.001502008 -0.03436681
-0.02020153 0.02196593
0.003384807 0.01424376
0.005465726 0.009064057
0.03949542 0.00465212
-0.02250192 -0.003809017
-0.00455479 0.001332766
0.006576089 -0.05918541
0.02934106 0.02347087
-0.01654654 0.006041078
0.02175641 -0.006406742
0.01006651 0.05563035
-0.04066804 0.004399643
0.01414241 0.05215145
-0.03196698 0.03603083
-0.0828434 0.002166276
0.006783438 0.03916165
0.001480525 0.006953724
0.02939957 -0.02834627
0.05087952 -0.0270633
-0.06608203 -0.02103564
-0.01961017 0.01572537
0.04337728 0.01339367
0.01260486 0.05497066
0.01867118 -0.00576758
-0.03065621 0.08209794
-0.01382203 -0.01299718
0.004781164 -0.01469806
-0.02809183 -0.03508661
0.01163961 0.02799148
0.007470672 0.03759793
-0.02565708 -0.007777657
0.001758578 0.009141744
0.0379779 -0.009532631
-0.06849363 0.0326099
0.05989651 0.04228691
-0.02689902 -0.03585964
0.03170888 0.0216796
0.0146279 -0.006598391
-0.005338906 0.009855983
-0.03802821 -0.0213282
0.03738577 -0.008426612
-0.02059558 -9.152039e-05
0.03682262 0.01286881
-0.02341565 -0.02395229
-0.01631044 0.01372198 -0.2395862 0.1688195
0.0877167 -0.1068528
-0.1310499 -0.04378531 -0.09294976 0.1469868
0.1414526 -0.04672663
-0.09103898 -0.1044338 -0.2758585 0.2161278
0.005277887 -0.09303885
-0.007277896 0.00369297 -0.08973763 0.1629247
0.003611046 -0.0474012
-0.1506552 0.0814425 -0.1902818 0.2096445
0.1614329 -0.07367015
-0.01795562 -0.133998 -0.1796285 0.2029149
0.1303538 -0.03980638
0.06766911 -0.2455126 0.1334045 -0.0530567
0.1479917 0.01238829
0.07515853 -0.2402841 -0.2000319 0.1236149
-0.009978394 0.02013401
-0.231072 0.1659858 -0.2374186 0.1615978
-0.0800414 -0.02552284
-0.2419587 0.3278356 -0.1948921 0.1740589
-0.1163297 0.07259336
-0.1865148 0.2388605 -0.4742527 0.2608294
-0.004141071 0.0007497088
-0.0245429 0.01766493 -0.2955991 0.1679406
0.04435963 0.014741
-0.2143703 0.0664721 -0.2543933 0.1241718
0.07154126 0.05182119
-0.002482882 -0.09788933 -0.2167232 0.07679615
-0.1605648 0.0510164
-0.1427627 0.3036131 -0.2546125 0.1291539
-0.06122051 0.1196821
-0.03855225 0.1313443 -0.2205512 0.08919404
0.009082741 0.02737881
-0.09060303 0.04758553 -0.3463259 0.2191502
0.01271723 -0.04268319
-0.175699 0.1214975 -0.03139494 0.04498346
0.09069997 -0.005803239
0.05921285 -0.1409791 -0.2627044 0.2250961
0.1036444 -0.07587383
-0.02898472 -0.08476551 -0.01181377 0.09471259
0.1949583 -0.1593779
-0.1955144 -0.09634025 -0.009668502 0.1443677
0.1489738 -0.145779
-0.03336953 -0.1271216 0.06148836 0.1217406
0.1399536 -0.126978
0.1488117 -0.2880136 0.1304285 0.08137952
-0.1042024 -0.1189575
0.04314214 0.05560897 -0.1038212 0.150016
-0.1998237 -0.06431441
-0.09179751 0.2635042 -0.2325613 0.2347577
-0.09490386 -0.02838375
-0.1948407 0.2363611 -0.2746853 0.2308178
-0.0395946 -0.1703858
-0.04458715 0.05275475 -0.1280867 0.2536508
-0.0006747041 -0.140057
-0.2036857 0.1411697 -0.1886422 0.3451308
0.01788371 -0.09355185
-0.1036469 0.126947 -0.2301877 0.2968093
-0.1699174 -0.1860579
0.125726 0.02903615 -0.2241791 0.2934356
-0.2791871 -0.373732
0.05784903 0.236958 -0.1192387 0.5052825
-0.3563176 -0.3313422
-0.03962987 0.3466762 -0.2346244 0.5673328
-0.3363269 -0.418072
-0.01970439 0.349638 0.008226575 0.4185442
-0.4000783 -0.5206237
0.03209899 0.3861279 -0.1352091 0.6616733
-0.4094857 -0.5646084
0.2462787 0.3229452 -0.1482937 0.7136212
-0.3828284 -0.5704727
-0.01659949 0.4714718 -0.02856235 0.6179533
0.01458427 0.06055444
-0.07988571 0.0622561 -0.1492342 0.05968221
-0.1486279 0.0926982
-0.01560916 0.1961943 -0.2290687 0.08783138
-0.1651004 0.08143911
0.1537309 0.009780801 -0.2280047 0.009536034
-0.0358674 0.1840897
0.04339537 0.1029086 -0.2554204 -0.007322862
0.02255844 0.06335318
-0.1161438 0.06040123 -0.2494917 0.07927906
0.1662189 0.09070952
-0.1189328 -0.06974471 -0.2796728 0.05004959
0.007835458 0.1673372
0.09658936 -0.09315485 -0.1535231 -0.06075281
0.06156595 -0.06828276
-0.03146309 -0.03124134 -0.1104143 0.1257733
0.08734294 0.05457608
0.01138463 -0.05970307 -0.05324711 0.01520465
-0.07026352 0.0007371801
-0.2375174 0.3107513 -0.1347461 0.08083314
-0.1591444 -0.09918127
-0.06396012 0.1824648 0.02881027 0.04403501
-0.1620478 -0.1763191
-0.03817093 0.1699053 0.003156387 0.2040036
-0.06971734 -0.1087199
-0.1531594 0.2109409 -0.2209402 0.2807609
-0.1327234 -0.06275759
0.024375 0.1243086 -0.303899 0.2639034
-0.1450289 -0.2403981
0.1240198 0.09340828 -0.2378354 0.4460671
-0.06926202 -0.3622031
0.3363838 -0.1044469 0.03616434 0.3475044
-0.09099341 -0.4873304
0.02418652 0.06846027 -0.0506317 0.5804925
0.01125379 0.03048356
0.9862796 -2.021428 -0.03775356 1.952279 1.022354 -0.06759353
-0.03313139 0.1034172
0.969677 -1.968236 0.02288295 1.990952 1.023979 -0.1150145
0.01247349 0.05989855
0.9716537 -2.06419 0.02268849 1.967131 1.01681 -0.02318461
-0.0166893 0.03363621
0.9412226 -1.991316 0.04069143 1.914303 0.9849767 -0.02164055
0.06100271 0.04439122
0.9267794 -1.998282 -0.1518133 1.914598 0.9590601 -0.07314585
0.08637651 0.06152185
1.041671 -1.986879 -0.09691711 1.99146 1.051107 -0.08710819
0.005455089 0.01189081
1.031922 -2.005033 0.02925187 1.95683 0.9993445 -0.02247234
0.1480778 0.04879732
1.074543 -2.107654 -0.1786729 2.000172 0.9439434 -0.08020554
-0.0116219 0.01546045
1.021047 -1.987701 -0.0273694 1.938804 0.9441497 0.03654431
-0.01081617 -0.08793677
1.00485 -2.028028 -0.06040202 1.963786 0.9668771 0.106239
0.1533687 -0.02452435
1.059153 -2.00563 -0.2022762 1.959278 1.008502 0.004482746
0.1298874 0.1616914
0.9919726 -1.970677 -0.1887011 1.994696 0.9372342 -0.196823
0.06231378 0.09010733
0.9443198 -2.008882 -0.1007537 1.967364 0.9620641 -0.1585164
0.04033508 0.1088959
1.000978 -2.032845 -0.06740154 2.00292 0.9655914 -0.1826045
0.1396753 0.02980745
1.020387 -1.972605 -0.2110352 1.987471 1.004968 -0.09264734
0.1022056 0.06805435
1.078455 -1.958862 -0.1439407 2.01436 1.047961 -0.1725919
0.09945777 0.1310002
0.9430608 -2.013898 -0.1239709 1.959095 0.9841776 -0.2417949
0.01645593 0.01190917
0.9274977 -1.998048 -0.008214833 1.94936 0.9997338 -0.001721792
-0.05318562 -0.02651804
1.023526 -2.011235 0.1249367 1.962973 0.9663199 0.01015288
0.005933418 0.1221374
1.013142 -2.038022 0.06115227 1.943907 0.9964647 -0.1564846
0.005984889 0.1268837
1.007319 -2.05541 0.08787102 1.991966 0.9572941 -0.169855
-0.05939861 -0.05213745
1.007758 -1.953302 0.1107576 1.932575 0.9308996 0.03018039
-0.05550587 -0.1358978
0.9083934 -2.025556 0.0883503 1.938128 1.001233 0.1424628
0.03851473 -0.02008878
1.001791 -2.024601 -0.097642 1.933691 0.9692728 -0.02170593
-0.09222686 -0.02479074
0.9120277 -2.075768 0.1239282 1.902849 0.8985128 -0.03175965
-0.0403216 0.006134441
1.023509 -2.047225 0.02874471 1.901833 0.950779 -0.0782182
-0.03858862 -0.01367759
0.9900145 -2.004852 -0.002262888 1.953146 1.036338 -0.04489701
0.07512559 0.0005554129
0.9654362 -1.95987 -0.07658976 2.001026 1.020527 0.003984162
0.07796385 0.07388077
0.9569998 -2.041613 -0.1003971 1.983396 0.932828 -0.109355
0.04242477 0.06320072
0.9614752 -2.082109 -0.09871821 1.953141 0.9928288 -0.1150166
0.1386681 0.1107237
0.9567117 -2.058549 -0.242886 1.924027 0.9518973 -0.1083878
0.03928825 0.06101744
1.014118 -2.017783 -0.04510595 1.991663 1.045772 -0.134668
-0.0967591 -0.02972834
0.9757316 -1.989525 0.1369071 2.034354 0.9855337 -0.02402286
-0.09310436 0.1307838
0.9786765 -2.072484 0.08996295 1.988233 0.9845371 -0.1628634
-0.1353991 0.1056183
1.007388 -2.024374 0.08186471 1.93059 0.9695683 -0.2069572
-0.08257666 0.1673161
1.001342 -1.977513 0.1068779 1.895719 0.9460344 -0.1554217
0.01036885 0.1450478
0.9622528 -2.088575 -0.01550007 1.973031 0.9935447 -0.253236
-0.01809908 -0.04237051
1.025126 -2.050379 0.07513364 1.967756 1.001165 -0.02107784
-0.02930279 0.05944134
0.9671219 -1.990443 -0.07139567 1.936631 1.042024 -0.1051706
-0.06493232 0.06100681
0.9645474 -2.051914 0.1382366 1.913026 0.925997 -0.09229788
-0.115797 0.04580929
0.9996585 -1.982738 0.2220127 1.951448 0.9823399 -0.09718877
-0.2301737 0.1903057
0.9981733 -2.05193 0.3544838 1.94922 0.9945754 -0.1767752
-0.226292 0.1521909
0.910326 -1.968041 0.3010678 1.932344 1.044788 -0.2369955
-0.243551 0.1993748
1.035455 -2.007533 0.3304437 1.99603 0.9756034 -0.2556022
-0.1487134 0.1427695
0.9904236 -2.040303 0.1159135 1.970982 0.9817562 -0.2162825
-0.007592278 0.2406331
1.000735 -2.017352 0.04543926 1.975025 0.9389668 -0.3328263
-0.05901713 0.1939326
1.010507 -2.045962 0.06872294 1.973916 0.9387153 -0.2908254
-0.05619204 0.1740435
0.9672652 -2.03814 0.05082219 1.945449 0.995074 -0.2380611
0.02209532 0.0335992
0.941126 -2.002103 -0.1162834 1.989736 0.9973079 -0.08568375
0.09845304 0.1154663
1.004527 -2.032392 -0.1910037 1.991009 0.9730191 -0.186965
0.130116 0.1303142
1.014516 -2.04858 -0.2365045 1.984755 0.9997395 -0.1339398
0.05458902 0.1489354
1.001905 -1.997575 -0.08543138 1.983481 0.9874041 -0.2676192
0.1555894 0.2221473
1.030107 -2.034173 -0.1759822 2.006937 1.011554 -0.284504
0.1658048 0.1005579
1.013744 -2.036497 -0.2202228 2.026774 1.015709 -0.1584922
0.1692139 0.04452802
1.00037 -2.074761 -0.2306675 1.955011 0.952701 -0.06367899
0.1587483 0.02706732
0.9132551 -2.003428 -0.2426309 2.002639 0.9694921 -0.07863619
0.09208184 0.09738151
0.9548821 -2.008651 -0.09371665 1.972479 0.9810496 -0.1992255
-0.04638032 0.1853385
1.009565 -2.091935 0.01697282 1.973702 0.9321572 -0.2927958
0.05577637 0.1028655
0.8995153 -2.025198 -0.1680009 1.932949 0.9839377 -0.2064799
0.1564297 0.1877203
0.9745748 -2.010079 -0.1865014 1.910309 0.9883248 -0.2206562
0.01290137 0.1956925
0.9750113 -1.986198 -0.1306214 2.022299 0.9522273 -0.3088442
-0.0254408 0.002177701
0.9610795 -2.039067 0.03101205 2.026222 0.9232203 -0.02992841
0.1170925 0.1509513
0.9609523 -2.002931 -0.08645639 1.986126 1.001929 -0.2062344
0.07160548 0.1357747
0.9762623 -1.990803 -0.09197325 2.014543 0.8996956 -0.2092425
0.02704322 0.1226928
0.9830413 -2.043831 -0.03862678 1.945158 0.9709061 -0.1525336
0.05013614 0.1548464
1.01274 -2.052548 -0.06365906 2.004354 0.9620109 -0.25187
-0.05527842 0.1032943
1.002528 -1.953983 0.08080915 1.988898 0.9907118 -0.1394477
-0.1139826 0.02726131
0.9411639 -2.041815 0.1561854 1.954701 0.9941261 -0.04134804
-0.08819929 -0.0370283
1.044322 -2.063825 0.1565323 1.966676 0.9841945 0.05677688
-0.04879145 0.0186382
1.014438 -2.016861 0.02363007 1.980672 0.9961582 -0.02377257
-0.005857495 0.03276289
1.001418 -2.001773 0.0008325209 1.977268 0.9959188 -0.09540951
-0.0126161 0.03321317
0.9441334 -2.009144 0.02492673 1.974537 0.9726523 -0.05945647
0.02069757 0.05333504
0.9795147 -1.979872 0.08325649 1.969714 0.905323 -0.08692407
0.0425196 0.08273421
1.040589 -2.045129 -0.07417633 1.994809 0.996314 -0.06150405
0.001849053 -0.007397175
0.9743973 -2.003677 -0.0261387 1.91462 1.01168 -0.04886996
0.02662377 -0.03089474
0.9430137 -2.111645 -0.04306091 1.975652 0.911956 0.02568735
0.0295625 -0.02582914
1.027136 -1.998161 -0.1091973 1.995705 0.9639504 0.02560666
-0.06335726 0.02237053
0.9417759 -2.014239 0.08465777 1.941626 0.9732941 0.05169975
-0.05965117 -0.0254273
1.034065 -2.022788 0.08794424 2.011097 0.9964924 0.009495461
-0.01261048 -0.02272102
1.045204 -2.031754 0.05240355 1.99444 0.9841317 0.02086275
-0.04410832 0.0513507
1.002196 -2.03386 0.03080799 1.926824 0.9894493 0.0208361
0.1389406 -0.02286224
0.9144482 -1.987768 -0.275041 1.963241 0.980886 0.03422386
0.1272565 0.002422942
0.9844911 -2.021325 -0.1151986 2.014638 0.9753305 0.04408164
0.04568 0.0503286
0.9824315 -2.013029 -0.06469521 1.95296 0.9774746 -0.07236102
-0.04304197 -0.02715415
0.9573323 -2.001261 0.02442587 1.939348 0.959484 -0.0333495
0.01949944 0.01858998
0.9841574 -2.041509 -0.09318389 1.904111 0.9778157 -0.1715302
0.1262627 0.2060653
1.02014 -2.068515 -0.2188829 1.921721 0.9878076 -0.288361
-0.02972917 0.1214844
0.9386912 -2.027917 -0.04727033 1.954344 0.9715708 -0.1569746
0.05146269 0.1413338
0.9847354 -2.057656 -0.05808942 1.955415 0.9037 -0.2197961
0.08710291 0.1143997
1.036038 -2.015447 -0.1118998 1.961461 0.9993562 -0.2635219
0.1025574 0.1151823
1.045933 -1.996755 -0.1493346 1.929913 0.9576175 -0.1310946
-0.02791786 0.08895756
1.005259 -2.078317 0.06745849 1.934122 0.9527301 -0.09756959
-0.05946555 0.1194386
0.9637175 -1.976205 0.04946713 2.017646 1.026743 -0.09778996
-0.02156302 0.1808673
0.9212837 -1.940484 0.01624636 1.942949 0.9979456 -0.3368594
-0.02103173 0.2329528
0.9923097 -2.010493 0.07512519 2.018638 1.032319 -0.3057081
0.007409972 0.1629758
1.023005 -1.987252 0.009165263 2.001113 0.9729083 -0.2427961
-0.0383227 0.09263791
1.008315 -2.054335 -0.009221109 2.021898 0.944382 -0.1463999
0.02689737 0.1018899
1.084511 -1.947853 -0.0274334 2.053567 0.9733143 -0.1910649
-0.02641376 0.1162539
0.9756214 -2.08709 0.03967957 1.987068 1.019878 -0.1038602
-0.09369405 0.1314845
1.018256 -1.973773 0.1408963 1.955482 1.010866 -0.213417
-0.0724751 -0.04488658
0.958107 -2.030479 0.1470005 1.994269 0.9809206 0.03187609
-0.1039127 -0.07668997
0.9801696 -2.038581 0.1161651 1.975172 0.9489253 0.08470338
-0.1387176 0.001449327
0.9229974 -2.001272 0.1533375 1.979172 1.001477 0.02103308
-0.009591324 0.1500512
1.01956 -2.048009 0.08158867 1.931158 0.9686285 -0.2240332
0.05582836 0.2254407
1.019052 -1.966987 -0.1926403 2.038723 0.9435816 -0.3024979
0.007599304 0.09862995
0.9835153 -2.067012 -0.00157891 1.965197 0.9275384 -0.1745974
-0.07230372 0.1170611
0.9570154 -1.983063 0.05079629 1.948229 0.9565407 -0.2259045
-0.02498862 0.1054444
0.9646101 -2.043386 0.03534785 1.992304 0.9820833 -0.1699431
-0.06174014 0.189234
1.004487 -2.051675 0.05322965 1.961654 0.924036 -0.2766601
0.07765376 0.1994089
0.9262607 -2.053206 -0.06279914 1.917139 0.9925293 -0.2624504
0.1523367 0.1435867
0.9736435 -2.019371 -0.3268994 1.945467 0.974003 -0.2804387
0.2405555 0.1610987
0.9762115 -1.9573 -0.322261 1.983188 1.031211 -0.2373304
0.1754049 0.2121509
0.9730887 -2.059735 -0.2950828 1.966779 0.9078013 -0.3546763
0.1310777 0.07788123
0.9305837 -2.017421 -0.2377398 1.965065 0.9742203 -0.2444907
0.02173145 0.06832219
0.9282659 -2.029654 -0.09762842 1.992031 0.9932846 -0.07264218
-0.02116016 0.04607818
0.9107913 -2.018275 0.1000204 1.974494 1.001785 -0.09006193
0.1215458 0.1221932
0.9757424 -1.997546 -0.08305674 2.012029 1.011758 -0.1443442
0.05126475 0.1597389
0.9773289 -1.993153 -0.1584584 1.964591 0.9401543 -0.2773249
0.2099978 0.2281639
0.8962273 -2.034245 -0.3231449 1.941632 0.9393496 -0.4146924
0.3020702 0.2410642
0.9644059 -2.026816 -0.3952995 1.962124 0.9631635 -0.370936
0.1794418 0.1971125
1.025087 -1.965065 -0.3277654 1.936739 1.039522 -0.349668
0.1346828 0.1881564
1.003712 -1.943918 -0.2917416 2.009892 1.051784 -0.337209
0.09672792 0.2230864
0.9569783 -2.01597 -0.155647 1.983429 0.9214248 -0.3015451
0.02608768 0.100619
0.9564545 -1.9464 -0.06571066 2.00439 0.9397546 -0.2262412
-0.02302932 0.1367008
0.9755218 -2.053107 0.01796109 1.96319 1.022697 -0.1867401
-0.1928338 0.03506138
1.025905 -2.008343 0.1882849 1.969201 1.005741 -0.06015394
-0.08945006 0.1173241
0.9806695 -2.074374 0.06177251 2.004461 0.9672588 -0.184306
-0.1330104 0.1059564
0.9396118 -2.027283 0.1481414 1.960284 0.9469162 -0.1754728
-0.03482917 0.104462
0.9892642 -2.07234 0.08278414 1.968372 0.9885014 -0.09387463
-0.1187991 0.03101314
0.9589971 -1.939257 0.1680994 1.998098 0.9753773 -0.02600423
-0.08391296 0.01711966
0.9952354 -2.093973 0.04655532 1.942719 0.924251 -0.04168657
0.04254482 0.02099147
0.9898754 -2.009822 -0.03363071 1.934146 0.9853174 -0.0143445
-0.04273037 0.02082758
1.049713 -2.044282 0.02043798 1.954375 0.9611394 -0.05138588
0.04861729 -0.0123783
0.9695825 -1.936579 -0.143341 1.956515 1.03125 -0.02227374
0.1356974 0.09821662
1.021044 -2.054602 -0.1090223 1.977364 0.999317 -0.2056925
0.03080656 0.05169621
1.052021 -2.037144 -0.08477912 1.95617 1.037122 -0.2024203
0.08116877 0.1102717
0.9856581 -2.064407 -0.144984 1.977453 0.975153 -0.1568059
-0.1586241 0.1850053
0.9550742 -2.043149 0.1361732 1.963727 1.013356 -0.259821
-0.008414263 0.1181901
1.003587 -1.948959 0.04279728 1.95948 1.020944 -0.1384533
0.02140382 0.1103683
0.8784243 -2.019367 -0.02033698 1.918775 1.015673 -0.2218534
0.1579012 0.3047386
0.9541633 -2.004155 -0.2227292 1.959843 1.033092 -0.4227544
0.09159333 0.2965752
1.005649 -2.03042 -0.09186924 1.949832 0.9412359 -0.4972377
0.1235883 0.1657101
0.9995092 -1.980531 -0.1228208 1.940841 0.9925472 -0.2577843
0.0520746 0.06578256
0.9639065 -1.982447 -0.05820753 1.991611 0.9758216 -0.1268406
0.08129034 0.07511881
0.9296114 -1.966588 -0.1498975 1.984288 0.9955158 -0.1240747
-0.01798321 -0.04863134
0.9378287 -1.950379 -0.01214016 2.009276 1.00774 0.06258635
0.08581668 0.03418093
1.025882 -2.015291 -0.1161002 1.94149 0.9389381 -0.01252558
0.07154753 0.004710214
0.9523663 -2.018695 -0.1037231 1.91785 0.977466 -0.02444417
-0.009973676 0.03727803
0.9440299 -2.029608 -0.03500948 1.975 0.948998 -0.09510711
0.08049904 0.104992
1.001622 -1.959706 -0.05912752 1.924869 0.9750239 -0.1624036
0.09508686 0.1543331
0.9748481 -2.058453 -0.1269965 1.980341 0.9695031 -0.2308159
0.1105928 0.1410885
0.9742187 -1.971999 -0.1936884 1.955344 0.9800682 -0.2996902
0.2256672 0.2025945
1.007057 -2.007082 -0.3291591 1.912813 0.9297481 -0.300494
0.1493813 0.1816636
0.9829855 -2.000831 -0.2699882 1.969695 0.9331665 -0.2609828
0.1312038 0.133419
0.9566954 -1.952853 -0.1999038 1.954658 1.01917 -0.1763953
0.01244792 0.08744765
0.9980008 -2.068238 -0.06964253 1.934977 0.920104 -0.1824523
-0.002940455 0.1954295
0.9749423 -2.029984 -0.02321762 2.007598 1.029931 -0.3039105
0.1320703 0.1737515
0.9576921 -2.024708 -0.130528 1.908555 1.030326 -0.2770807
0.08830115 0.2684228
1.003694 -2.01466 -0.08929009 1.994776 0.9919532 -0.2774284
0.03296096 0.1123156
0.9509534 -1.984493 -0.06663048 2.024147 0.9577876 -0.1553783
-0.06158286 0.0006166138
0.9234809 -2.056477 0.0340042 2.028098 0.9300105 0.03832962
-0.1098216 0.03662004
0.9504251 -2.032423 0.1514425 1.940241 0.9876036 -0.03510029
-0.04818601 0.0309849
0.9779312 -2.011021 0.03095326 1.975157 0.9436559 -0.03354397
-0.03901028 0.06516408
0.9907019 -2.018389 0.09679701 1.981128 0.9722633 -0.05681361
0.02317523 0.08901165
0.903413 -2.003994 -0.07716589 2.005558 0.9691628 -0.1949233
-0.1070708 0.07127646
0.9648121 -2.098447 0.1290491 1.916428 0.9306613 -0.142746
-0.1734483 -0.0732092
0.9466368 -2.003764 0.2119458 1.986776 0.9414422 0.03730312
-0.1051874 -0.04376145
1.000139 -2.023179 0.1375471 1.93472 0.9943296 0.0174163
-0.1594665 -0.04852494
0.9414061 -2.025172 0.1406356 1.928682 0.9288922 0.03700226
-0.1632778 0.0003426082
0.9575956 -2.049556 0.1450174 1.985347 0.9369886 -0.02165366
-0.2449859 0.002549774
1.029981 -1.993294 0.3040549 1.997 0.9371515 -0.02009818
-0.03751352 0.1356834
0.987539 -2.050989 0.133733 1.981326 0.9822252 -0.1538199
0.07142585 0.1026352
0.9710173 -2.081379 -0.06300621 1.914648 0.9700546 -0.1978744
0.1754008 0.1758805
0.9816414 -1.951064 -0.208538 1.974308 0.9677787 -0.2683413
0.09169385 0.144104
1.027315 -1.994295 -0.1423223 1.983096 0.9689293 -0.2341766
0.1708128 0.1539421
1.005309 -2.006033 -0.2763307 1.978889 0.9742884 -0.2674151
0.1008933 0.1368556
1.011891 -2.007749 -0.1362378 2.006328 0.9825988 -0.2254949
0.0689265 0.1017781
0.9886599 -1.982462 -0.08864951 1.998829 1.038043 -0.1582159
-0.02409631 0.2135523
1.014146 -2.065104 0.07666544 1.98943 1.002941 -0.3278262
-0.04492775 0.1686186
0.9631929 -2.020488 -0.001715854 2.02705 1.00463 -0.2773977
0.07685517 0.1023729
1.019741 -2.095724 -0.08644427 1.996726 0.8938938 -0.1732359
0.08873397 0.1291631
0.9355111 -2.033166 -0.1668406 1.932697 1.024067 -0.1504295
0.05126214 0.1124315
1.039647 -1.975363 -0.04288533 1.951453 1.0043 -0.1652219
0.06111767 0.08136719
0.9968234 -2.059907 -0.1147093 1.976935 0.9089445 -0.1376042
0.1895349 0.1370614
0.9566399 -2.093557 -0.256138 2.029235 0.9453217 -0.05383456
0.05475412 0.1367878
0.9772597 -2.001399 -0.06991758 1.936879 0.9768846 -0.2185587
0.03160116 0.1929111
0.99625 -2.008758 0.0556654 2.031669 0.9728869 -0.1811809
0.04099872 0.1769812
0.989818 -1.996905 -0.1107061 1.971694 0.9402815 -0.305597
0.08002683 0.2690647
0.9657519 -2.016749 -0.1564887 1.976637 1.005693 -0.4711773
0.02165301 0.1550338
1.003233 -2.028014 -0.03483189 1.951305 0.9326257 -0.2883682
0.02580579 0.12966
1.014949 -2.049626 -0.009892974 1.96456 0.9063625 -0.2875052
0.1186298 0.1778263
0.9657655 -2.028964 -0.1678851 1.948103 0.976736 -0.2927541
0.1704819 0.1886381
0.9800066 -2.036986 -0.2432329 1.92008 0.9758717 -0.3158872
0.09568953 0.1075819
0.9883157 -2.06035 -0.09940884 1.959307 0.9456986 -0.1944343
0.03703327 0.05415114
1.030558 -2.025731 -0.04626972 2.004098 0.9914935 -0.08098276
0.07524396 0.04459141
1.063072 -2.034575 -0.1080439 1.959122 0.9835529 -0.1171893
0.0615214 0.05010988
0.9531237 -2.0373 0.0219115 1.992469 1.013138 -0.02308433
-0.04930119 0.1659711
0.920298 -2.048438 0.04199824 1.959905 0.9525912 -0.2147198
-0.01151747 0.05014327
0.9907458 -1.967878 0.07444507 1.942055 0.9408822 -0.04247238
-0.07511478 0.1179916
0.9579928 -2.005848 0.0728016 1.976979 0.9448356 -0.146049
0.001659245 -0.130957
0.984617 -2.024231 0.02388554 1.953111 0.9617466 0.1272299
-0.05522087 -0.02918231
0.976744 -1.95401 0.01099641 1.998887 0.9860517 0.05802521
-0.07719114 -0.07972074
0.9831023 -1.989194 0.06380153 1.978955 1.011784 0.01905418
-0.104452 -0.1719847
0.9362514 -2.003348 0.09410964 2.008241 0.9829975 0.1529614
-0.02617541 -0.1839742
0.9713542 -2.038945 0.04560739 1.975979 0.9445148 0.2025323
-0.08192481 -0.1905599
0.9813392 -2.011138 0.04714034 1.988354 0.9947809 0.1550367
-0.04344461 -0.1142832
0.9762776 -2.020595 0.0007884817 1.963797 0.9741801 0.1423068
-0.1285111 -0.1387004
0.9014264 -1.946579 0.08041685 1.894562 1.002107 0.1233111
-0.09570759 -0.01230184
0.9731562 -2.043322 0.1124826 1.95606 1.06893 0.03418095
-0.03071548 -0.2112796
0.960144 -2.001443 0.07887607 1.934955 0.9628822 0.1907672
-0.04825423 -0.1854591
0.9718199 -1.967625 0.02858234 1.967331 0.9909795 0.1659135
-0.07944133 -0.2293835
0.9693716 -2.068158 0.117872 1.976015 0.9029525 0.2221642
0.03805074 -0.1759635
1.030352 -2.058358 0.006265067 1.991982 0.9838186 0.149072
-0.08583385 -0.290859
0.9463551 -2.028741 0.09968168 1.977058 0.9459542 0.2526551
0.002270628 -0.3259261
0.9576791 -2.043497 -0.03662404 1.955836 0.9954995 0.3429495
-0.1982292 -0.4034151
0.9926307 -2.062877 0.2307926 1.941832 0.943755 0.4351248
-0.01782116 -0.3138798
0.995528 -2.028511 0.05157796 1.953766 0.9572346 0.3295081
0.04918895 -0.1500555
1.042824 -2.011233 -0.06770086 2.012593 0.9837761 0.1734387
-0.1065745 -0.0004839066
1.004915 -2.06308 0.05558921 1.994708 1.053772 -0.0293475
-0.04353838 0.01138986
0.9953407 -2.058222 0.09481543 2.036859 0.9223771 0.01556264
0.1449275 0.1378207
1.012623 -2.005426 -0.125138 2.005345 0.9912564 -0.1905726
0.04129852 0.1208876
1.008966 -1.963122 -0.06354491 1.990327 0.9958814 -0.1427217
0.0698545 0.003352514
0.9505748 -2.025166 -0.1130083 1.976864 0.9803643 -0.05429818
-0.03728452 -0.008945338
0.9660282 -2.037171 -0.0008474099 1.895708 0.9762315 -0.02403006
-0.08076586 -0.09193472
0.9732216 -2.033686 0.03516215 1.951888 0.92088 0.08466165
0.07153991 0.0157121
1.010943 -2.013817 -0.1197689 1.966208 0.9607357 -0.03676482
0.08453805 -0.01252507
1.002345 -2.006329 -0.09274596 1.967425 1.000116 -0.01540772
0.1280876 0.1203448
0.9320926 -2.074609 -0.175814 1.986667 0.9495807 -0.1476852
0.09595964 -0.1776115
0.9814722 -2.048232 -0.09353699 1.984534 0.9209283 0.2256869
0.1851271 0.04037267
0.9911347 -2.048065 -0.1847472 1.949781 0.9863805 -0.02384939
0.1560732 -0.07272854
1.010712 -2.018659 -0.1699217 1.919153 1.015056 0.07387441
0.2081678 -0.1434607
0.9964204 -2.016892 -0.2151164 1.940788 1.017224 0.1457019
0.1394701 -0.1350278
1.057484 -2.093819 -0.1585503 1.981712 0.9748933 0.1599225
0.1621164 -0.1510914
1.000829 -1.967995 -0.1734828 1.99499 1.00332 0.1550897
0.08054566 -0.121136
0.9711992 -2.084284 -0.08501404 1.924332 0.9299166 0.1351808
0.04300382 -0.06980036
1.07427 -1.988001 -0.06746888 2.040589 0.986349 0.024324
0.02274384 -0.0540384
0.9919849 -2.016421 -0.03059569 1.969098 1.032516 0.007436625
0.03127966 0.04362992
0.9524552 -2.019958 -0.05206799 1.954346 0.9550774 0.0114539
-0.03130724 -0.1659547
0.9235175 -1.949522 0.04800726 1.961782 1.061399 0.2338571
-0.02901307 -0.0002722525
0.9798797 -1.964513 0.1533021 1.895453 0.9644183 0.05289247
-0.0961216 -0.01364158
1.035075 -2.053997 0.1213214 1.964501 0.9664207 -0.04417178
-0.09903135 0.008088626
1.012338 -2.008535 0.1297298 1.965436 1.00729 0.02012047
-0.1287514 -0.006382037
1.056033 -1.98526 0.2430972 1.959665 0.9843343 0.0349254
-0.09561611 -0.01889052
0.9656531 -2.063067 0.07369952 1.938402 0.9161162 0.002930758
-0.03241194 0.09586884
0.9727136 -2.07186 0.05083633 1.95841 1.051488 -0.1704706
-0.0462788 -0.04521017
0.9709856 -2.051489 0.006380728 1.935332 0.941967 -0.02644747
-0.05050082 -0.09993388
0.9369032 -1.970209 -0.005046781 1.936623 1.022879 0.1138104
0.0304024 -0.03339996
0.9355045 -1.933612 -0.1060836 2.024369 0.9969835 0.02449125
0.006174926 0.01677817
1.043589 -1.99814 -0.03551799 2.035226 0.9587867 -0.1013409
-0.01471165 0.07643707
1.035635 -2.053189 0.01353479 2.018154 0.9661687 -0.1140516
0.09856754 0.06994023
0.9630541 -2.057979 -0.07707617 1.968133 0.9410096 -0.07680605
0.1274731 0.1415672
1.04324 -2.053103 -0.1563836 2.029193 0.9532959 -0.1669331
-0.02308996 0.1287049
0.989101 -2.052457 0.05243599 2.052927 0.9708458 -0.114266
-0.10332 0.11755
1.014468 -2.065569 0.1356424 2.026558 1.020229 -0.1513392
-0.01949987 0.130107
1.048567 -2.0272 0.04945047 1.973771 0.9579469 -0.2672837
0.03773821 0.1291486
1.029426 -2.066289 -0.02280449 2.003446 0.9824693 -0.2065015
-0.01936734 0.0822584
1.02429 -2.052246 0.04148294 2.006893 0.9339108 -0.129257
0.02155706 0.0652267
1.062709 -2.074829 -0.008754249 2.115188 0.9785088 -0.07726308
-0.29796 0.0921812
1.043408 -2.103496 0.3428188 2.021854 0.9457697 -0.02706742
-0.4223012 0.03113787
1.073896 -2.008825 0.4164946 2.036112 0.9930197 -0.01521653
-0.4961756 -0.04997963
1.009456 -2.134554 0.5659973 1.998285 0.9698123 0.01631791
-0.4417137 0.01882598
1.044252 -2.091361 0.4967871 2.02473 0.9400572 -0.02904111
-0.4352119 -0.05510513
1.025043 -2.057286 0.5566989 2.032873 1.014465 0.1094597
-0.2553159 0.07735406
1.055201 -2.132152 0.3315625 2.040221 0.9212059 -0.05791564
-0.400042 -0.03650577
1.020433 -2.047219 0.5086695 2.034836 0.9801713 -0.02932301
-0.3299911 -0.03113537
1.121046 -2.114845 0.3593325 2.025275 0.9649739 0.02795754
-0.3717893 -0.03116832
1.08771 -2.060364 0.3500558 2.036132 0.9994805 0.040338
-0.4225843 0.03572636
0.9626089 -2.071044 0.4844009 1.918685 0.9740572 -0.02527792
-0.1628853 -0.139846
1.088133 -2.030572 0.307353 2.021367 1.023263 0.1883433
-0.1709235 -0.07960658
1.097115 -1.989246 0.2814468 2.066199 0.9634279 0.1587856
-0.08849094 -0.1567853
1.017628 -2.076651 0.1745201 2.013118 0.9333485 0.2091744
-0.1203263 -0.02546693
1.062732 -2.036907 0.09926016 2.017865 0.9472188 0.03446819
-0.103542 -0.206233
1.000629 -2.014503 0.2035482 2.040196 1.051328 0.2990595
-0.1274238 -0.1358128
1.054048 -2.008193 0.1794631 2.043454 1.015942 0.1545899
0.001567759 -0.2035834
1.030011 -1.998609 0.01450534 2.043003 0.9975684 0.2432183
0.01414505 -0.2182417
1.001548 -2.093644 0.01425871 1.989272 0.9342255 0.2975672
-0.07187152 -0.1149586
1.052691 -2.097156 0.1338047 2.006381 0.9221535 0.2661065
-0.0003344128 -0.07937442
1.10452 -2.102337 -0.03601804 2.051848 0.9705688 0.103305
-0.1913796 -0.05320495
1.059291 -2.039262 0.2027428 2.052752 0.9400229 0.07306381
-0.1886767 0.03533383
1.048146 -2.119792 0.1835668 2.017392 0.9574103 -0.04481972
-0.227994 -0.01883951
1.038927 -2.006107 0.2598567 1.992272 0.9916703 -0.04061021
-0.2614888 0.08377093
1.061404 -2.042087 0.2875525 2.023429 0.9472498 -0.07163139
-0.2359336 0.05197394
1.033125 -2.082644 0.2583639 2.051115 1.01367 -0.1196466
-0.201097 -0.1015999
0.99196 -2.016281 0.254196 2.035727 1.011233 0.06175099
-0.3165236 -0.0849859
1.064115 -2.085814 0.368948 2.026462 0.9995943 0.08407013
-0.2799941 -0.1807891
1.089713 -2.056228 0.2745417 2.037739 1.014096 0.1694906
-0.1539997 -0.0342259
1.025715 -2.078948 0.1714696 2.029617 1.049079 0.04235151
-0.2059139 0.008693088
0.9745927 -2.055695 0.2182892 2.019425 0.9818767 -0.04224133
-0.2055107 -0.07536228
1.074102 -2.084879 0.2752324 1.976985 0.9868608 0.07751566
-0.1079674 0.01825303
1.033653 -2.08805 0.1120233 2.061111 0.9648959 -0.06967832
-0.05652382 0.05876921
1.024975 -1.993798 0.06916908 2.047944 1.005042 -0.09413398
0.07332671 0.169462
1.098882 -2.028817 -0.004539555 2.04472 0.9926964 -0.2080383
0.1371168 0.08519611
1.055363 -2.071364 -0.2045307 2.021714 0.9921408 -0.1164094
0.2053592 0.1173681
1.01688 -1.999304 -0.2767296 1.979686 1.03445 -0.1574013
0.1220234 0.1563058
1.079253 -1.997407 -0.1822413 2.012647 1.013565 -0.1075912
0.1335169 0.2068288
1.030172 -2.077814 -0.1706351 1.985633 1.022028 -0.2528171
0.1643005 0.1616646
1.096593 -2.070495 -0.1879011 2.004559 0.9497557 -0.163737
0.1475207 0.0391666
0.97588 -2.100659 -0.1194934 2.003594 0.9497804 -0.09431959
0.04296538 0.04543852
0.9889077 -2.060706 0.1667217 1.932961 0.9777752 -0.08682323
0.0331947 0.07349674
1.001681 -2.156875 0.1063428 1.975569 0.9965925 -0.5555589
0.08416457 0.05251544
1.113794 -2.056627 0.008558228 2.05043 0.9729688 -0.2400926
0.02003327 0.0006317984
1.039838 -2.105873 0.06079163 2.018492 0.9270304 0.04285224
-0.01268687 -0.1159653
0.9908417 -2.096602 0.1948082 2.040166 1.018597 0.08982347
0.05054057 -0.02934977
1.017204 -2.044784 0.1547315 2.021064 1.064991 0.2876388
-0.03088652 -0.01315292
1.070457 -2.06783 0.2619011 2.012633 0.9678688 0.2042294
-0.06838586 -0.008735568
1.005879 -2.030195 0.3510518 1.985879 1.002239 -0.09396564
-0.02530117 -0.02333329
1.05506 -2.010921 0.213379 2.029807 0.9825277 0.231745
-0.03637423 0.01347775
1.126606 -2.004849 0.4088444 2.032908 0.9484698 -0.04347412
-0.1451873 0.1154901
1.037715 -2.071076 0.1903174 2.004421 1.036027 -0.09681407
-0.1942057 0.02161119
1.08802 -2.071513 0.2119042 2.056811 0.9624923 -0.04660883
-0.1850695 0.0825747
0.9968016 -2.039826 0.1794915 1.987503 0.9799338 -0.1164293
-0.1037593 0.1328383
0.9935294 -2.014634 0.1360308 1.941686 1.000909 -0.1579051
-0.1436904 0.08012328
1.055369 -2.027767 0.1185137 2.027472 1.040541 -0.09430004
-0.005270988 0.03349996
1.060396 -2.06436 0.002655259 2.097909 0.9486107 -0.06653775
-0.01620222 0.05284922
1.065827 -2.028106 0.01285631 2.041778 1.023685 -0.04371974
-0.10523 0.02462026
1.111166 -2.020863 0.1480431 1.94819 1.011813 -0.01575422
-0.07879296 -0.01172522
1.066293 -1.998295 0.1036554 2.045243 0.9911027 0.02113521
-0.07442511 -0.1335291
1.04821 -1.97243 0.04422835 1.936944 0.9618226 0.08904383
-0.3540291 -0.1081898
1.079237 -2.074362 0.3610808 1.994333 0.985361 0.09880424
-0.4153256 -0.08935482
1.080621 -2.064848 0.4295674 2.059313 0.9848865 0.106247
-0.3296183 0.08189824
1.051379 -2.094561 0.3572377 2.050355 0.9482567 -0.03090658
-0.2942155 0.04251474
1.049187 -2.043101 0.373283 2.032314 0.9926845 -0.01155083
-0.3378862 -0.00859261
1.078897 -2.090055 0.373789 2.029283 0.9587264 0.01222011
-0.4378411 -0.2369718
1.020501 -1.992855 0.457372 1.965473 0.9632225 0.2396646
-0.2800075 -0.5372071
1.030004 -2.084201 0.3505135 1.993653 0.9357564 0.5408621
-0.2730005 -0.4902878
1.053882 -2.098674 0.2455626 2.067484 0.9996913 0.5190751
-0.2788139 -0.4704234
0.9963254 -2.047044 0.3038619 2.023064 0.9986104 0.4963801
-0.1608504 -0.3340018
1.016051 -2.095928 0.1712247 1.93789 0.9927757 0.3243387
0.05870291 0.03501519
1.034353 -2.088268 -0.0005110323 2.084958 0.9657307 0.06657312
0.01256212 -0.0596688
1.035317 -2.059262 -0.05476938 2.015742 0.9585787 0.1904021
0.100728 -0.0766441
1.011693 -2.079209 -0.1178148 2.007711 1.022096 0.2241069
0.01453046 -0.108384
1.038254 -2.052897 -0.05841022 2.04874 1.01993 0.1896188
0.05282941 -0.022556
1.041494 -2.116883 -0.03895561 2.017729 0.9406383 0.102703
0.04936256 -0.03923145
1.002656 -2.080531 -0.08045447 1.977496 0.9660545 0.08159197
0.0006387831 -0.0171727
1.065041 -2.00097 -0.004183246 2.094824 0.9591393 0.05469681
0.0286785 0.05043825
1.011191 -2.072024 -0.0345358 2.0757 0.9933708 0.01107714
0.03064976 0.03866724
1.132409 -2.065986 0.01548053 2.035974 0.9582424 0.00476641
0.08138074 -0.01893629
0.9923999 -2.019603 -0.1061232 2.039881 1.004726 -0.01110426
-0.1946487 -0.002312155
1.065447 -1.984835 0.1940227 1.933429 1.025104 0.02367887
-0.1146178 0.03721898
1.030988 -2.069156 0.1659754 2.005313 1.001816 -0.05717739
-0.0913889 -0.05899112
1.100624 -2.122692 0.09719894 2.056283 0.9773608 0.09523247
0.0344136 -0.1394268
1.072583 -2.079976 -0.03785361 2.024391 1.006166 0.1780503
0.1301454 -0.1518642
1.053102 -2.101578 -0.1828202 2.025487 0.9781825 0.2072919
0.07637258 -0.1435459
1.040574 -2.064886 -0.1253042 1.942164 0.9664455 0.1159048
-0.1206308 -0.325573
1.024322 -2.007436 0.1138445 2.058062 0.9937904 0.3903137
-0.1371546 -0.2508497
1.053053 -2.132158 0.180885 1.937431 0.9545045 0.2745832
-0.1484156 -0.3518851
0.975398 -2.045311 0.1302645 2.04385 0.9663811 0.4285985
-0.04669281 -0.4045595
1.029993 -2.00343 0.09077139 2.010238 0.9372853 0.476592
-0.09846282 -0.1245208
1.068997 -2.031688 0.1467435 2.029908 0.9522172 0.1425688
-0.1539244 -0.03788429
1.080814 -2.05899 0.2099886 2.025341 1.052951 0.05933169
-0.2544625 -0.02884825
0.9703551 -2.060397 0.3221843 2.025796 1.001039 0.01732422
-0.2094392 -0.1118082
1.000554 -2.044786 0.2682867 2.063464 0.9940317 0.138595
-0.1241463 0.008363374
1.045072 -2.027281 0.2015294 1.997512 0.9962258 0.04788448
-0.1364484 0.008496706
1.017627 -2.030789 0.1789083 2.011181 0.9923495 0.03093211
-0.1907391 0.08681498
1.08786 -2.026097 0.3115266 1.981336 0.9962659 -0.0577176
-0.2116846 0.1275412
1.035663 -2.048166 0.2261233 2.01811 0.9876966 -0.217193
-0.2635562 0.05886122
1.020076 -1.994451 0.2883904 1.997664 1.018859 -0.10011
-0.214797 0.04315327
1.045997 -2.06363 0.2199767 1.984821 0.9439504 -0.1041016
-0.1664177 -0.1086311
1.074319 -2.103032 0.1818802 2.020456 0.9348978 0.1512981
-0.2986872 -0.1031955
0.9545213 -2.090528 0.2886824 1.974295 0.9874724 0.1359608
-0.4275554 -0.2158387
1.062126 -2.030408 0.4472115 1.981932 1.020599 0.2059277
-0.4621039 -0.182191
1.06215 -2.013827 0.4567777 1.999604 0.9852013 0.190964
-0.52201 -0.2189469
1.099682 -2.048025 0.5669251 2.024186 0.9771091 0.246272
-0.5136155 -0.1851139
1.038013 -2.04689 0.5894497 1.991524 1.024145 0.2555413
-0.5160044 -0.08305369
0.9581833 -2.030379 0.5149671 1.997558 0.9961999 0.09782972
-0.2502665 -0.03370373
1.041188 -2.000442 0.2741082 1.997466 0.991446 0.06048046
-0.3508214 -0.02877041
1.073827 -2.102944 0.3604919 2.012293 1.019593 0.01298013
-0.417694 0.08931925
1.06843 -2.023993 0.3603278 2.073143 0.9559578 -0.10114
-0.07538001 0.03627878
1.046826 -2.067813 0.1441574 2.081454 0.9744127 -0.08062343
0.07958339 -0.02054388
1.100022 -2.090592 -0.0820722 2.026953 0.9652901 0.01843182
-0.01384155 0.08282187
1.100482 -2.030936 0.01491311 2.039072 1.037173 -0.09544474
-0.02320402 0.1555779
1.011152 -2.038149 0.05896214 2.031983 0.956617 -0.181184
0.009126471 0.2945274
1.048214 -2.065638 -0.06736703 2.006395 0.9874622 -0.3960911
0.08452688 0.2616365
1.043381 -2.034083 -0.07224183 2.043864 0.9189394 -0.3977776
0.04947896 0.2622651
1.020104 -2.070181 -0.01807482 2.028648 1.031578 -0.3551943
0.03928576 0.1394618
1.02451 -2.051112 -0.08773489 2.012383 0.9446133 -0.3044572
0.05496717 0.08784657
1.019403 -2.068284 -0.05858266 2.038192 0.9719991 -0.1817841
0.03339778 0.2218534
0.9993029 -2.065691 -0.009136924 1.933544 1.027975 -0.3328094
-0.09731343 -0.03730995
1.009484 -2.036047 0.2650947 2.05411 1.021005 0.05160039
-0.09868072 -0.08292989
1.008039 -2.089242 0.3551975 2.029593 0.9794024 0.1928908
-0.03518517 -0.07916863
1.023329 -2.037225 0.07103526 1.980134 1.03147 0.2111288
-0.06446658 -0.07501134
1.030646 -2.083246 0.11052 1.965034 0.9959722 0.114563
-0.0525548 -0.03075988
1.007618 -2.055376 0.1943244 2.0372 1.030875 0.06215471
0.08928832 0.05175162
1.059748 -2.022822 -0.1650828 2.054196 1.04555 -0.1174079
0.03633014 -0.007088128
0.9946927 -2.044984 -0.004357549 2.017226 0.932229 -0.05660478
0.03203189 0.03669009
1.031389 -2.053117 0.1466786 1.984225 0.9408614 0.1642558
0.001421986 -0.006338759
1.012903 -2.007057 0.09316856 2.056589 0.9994283 -0.11797
-0.05536292 0.04160553
1.047196 -2.097065 0.08281952 1.957383 1.000917 -0.1726636
-0.02012784 -0.01911272
0.9938252 -2.021569 -0.0448605 2.034198 1.049389 -0.06164669
0.04140652 0.01427294
1.095803 -1.978453 -0.1027202 2.04168 1.091335 -0.20359
0.04669605 0.01197247
1.048954 -2.020591 0.09990081 2.00292 0.995237 0.05062512
0.01082174 -0.02427103
1.097141 -2.02445 -0.09230258 2.039464 1.085367 0.07509528
-0.001569229 0.006017075
1.032476 -2.095069 -0.1217639 2.074496 1.017003 -0.4339116
0.001523734 -0.007474677
1.030864 -2.057439 0.1774479 2.060187 1.015348 -0.158232
0.01943538 -0.01627134
1.016419 -2.034362 -0.1902205 2.04017 0.9401748 0.01254907
-0.01104191 0.02282037
1.074499 -2.092833 -0.02776404 2.042776 0.9537593 0.1268751
0.01393349 0.004531142
1.046001 -2.121251 0.1072261 2.025159 0.9885311 -0.3274356
0.06943759 0.04558333
0.985416 -2.098105 -0.2750039 2.008804 1.018606 -0.3996793
-0.3368395 -0.002674452
1.014514 -2.074111 0.3745593 2.048097 1.009947 -0.0008706292
-0.3432838 -0.1031194
1.074477 -2.031525 0.3512518 2.069801 1.031741 0.07723049
-0.2490657 -0.2047209
0.9948456 -2.021284 0.2417738 2.107498 1.012488 0.194793
-0.1415831 -0.08230706
1.109261 -2.077117 0.1626369 2.049634 0.9747115 0.09968886
-0.17823 0.01032654
1.028935 -2.017519 0.1344338 2.040468 1.048941 -0.07759361
-0.1001477 0.07265563
1.005143 -2.038283 0.06257463 2.011467 0.9809518 -0.09002977
0.02385724 -0.017181
1.064588 -2.09241 0.007951755 2.084186 0.9772471 0.07336508
-0.1558451 -0.1773348
1.008072 -1.938839 0.1852241 2.052329 0.9893898 0.1637082
-0.225013 -0.0674773
1.04649 -2.055297 0.2193335 2.01984 0.9968865 0.05274226
-0.1582137 -0.09257245
1.051589 -1.95607 0.1916299 2.071919 1.055719 0.09355022
0.02037612 -0.04816544
1.056602 -2.03277 -0.07700946 2.039389 1.070919 0.02223966
0.01128351 -0.01879904
1.031143 -2.084193 0.02295363 2.015531 0.9636839 0.1782544
-0.008946124 -0.03058362
1.037209 -2.042232 0.1005953 1.984262 1.005799 0.1373435
0.05874302 -0.01047822
1.073488 -2.03578 -0.004199314 2.029852 0.94741 0.1040543
-0.1373443 -0.118979
1.036274 -2.091759 0.215359 2.050012 1.047834 0.125065
-0.04540747 -0.1557343
1.07359 -2.138209 0.09790771 2.012898 0.9981326 0.2549197
-0.09302759 -0.104408
1.032454 -2.082936 0.2959233 1.952505 1.061001 0.2454188
-0.09514057 -0.07137023
1.052215 -2.091605 0.1132021 2.050954 1.105021 0.1295185
0.003878799 -0.1127389
1.117451 -2.04133 0.02795466 2.017951 1.033778 0.2984134
-0.005175796 -0.08135757
1.068202 -2.121231 0.0157048 1.983762 1.006514 0.200773
-0.3099422 -0.01101703
1.02314 -1.993843 0.3385981 1.957284 1.044972 -0.01787831
-0.169063 0.0481646
1.118005 -2.061858 0.2007348 2.062096 0.9647562 -0.04107378
-0.3597335 0.06652655
1.021332 -2.041145 0.4323624 1.967709 0.941611 -0.05906735
-0.2300475 0.1837267
1.016708 -2.120977 0.2863224 2.050827 0.9755349 -0.170551
-0.2686651 0.06198272
1.079284 -2.001854 0.2439368 2.025816 1.024477 -0.1002255
-0.08628281 0.04385899
1.088795 -2.071486 0.1038445 1.93754 1.013927 -0.03841288
-0.05396349 0.202539
1.034417 -2.09071 0.06131489 2.035456 0.962973 -0.1956934
0.06823632 0.20861
1.009674 -2.060771 -0.01107876 2.020469 1.023846 -0.2560895
-0.00588861 0.1371318
1.064986 -2.146192 -0.006134654 2.059698 0.9950782 -0.1925932
0.127525 0.05845866
1.128845 -2.049918 -0.09387007 2.019665 0.9623971 -0.05164195
-0.1103215 0.06933895
1.050724 -2.063648 0.2712722 2.072509 0.9656732 -0.06630019
-0.1064308 0.03379244
1.091183 -2.027811 0.2408496 2.026805 0.9938446 -0.05601442
-0.09978739 0.06248004
1.006592 -1.996955 0.1900928 2.07569 0.9252389 -0.06486451
-0.1195199 -0.04366449
1.032184 -2.105864 0.3167279 2.016686 0.9962155 0.0701211
-0.1094859 -0.05635651
1.047102 -2.0369 0.349104 1.99558 0.9953315 0.1499271
-0.07526972 -0.03673332
1.040554 -2.068612 0.3473154 1.949865 0.9110084 0.1643088
-0.04674302 -0.0542905
1.068373 -2.063928 0.2349369 1.997727 0.9909316 0.04892052
-0.02101864 0.01547963
0.961929 -2.044135 -0.02169787 1.956773 0.9517688 -0.01007368
-0.1681107 -0.02703108
1.113319 -2.071385 0.3753898 2.055026 0.9612213 0.07493344
-0.1533687 -0.006903403
1.039412 -2.058105 0.2417487 2.029704 0.9900635 0.1003713
0.00814135 -0.05083863
1.034496 -2.07183 0.04454635 2.015841 0.9865069 0.3035647
0.04637866 -0.02313404
1.030061 -2.090598 -0.1338327 2.036901 1.001954 0.1977282
0.00738871 -0.03408119
1.076793 -2.03307 -0.1869743 1.996663 1.000091 0.100067
-0.07504637 -0.001588498
1.068863 -2.061258 0.1135765 1.958338 0.9929205 0.1413938
-0.0373148 -0.008144664
1.031084 -2.073875 0.1361018 2.036674 0.9994405 0.1189123
-0.06547106 -0.03446284
1.072155 -2.060473 0.07831134 2.008957 1.004534 -0.09694954
-0.005795076 0.016349
1.149589 -2.036682 -0.001186119 2.013174 0.9968006 0.02742357
0.04554267 -0.003822208
1.02818 -2.050471 -0.1763112 2.016445 0.9983553 0.02125793
0.06865998 0.004765648
1.008052 -2.097253 -0.1702269 2.029146 1.011782 -0.1317742
0.1211159 0.07570791
1.001959 -2.070774 -0.3170551 1.984753 0.9535202 -0.1028201
-0.08910772 0.02664278
1.046211 -2.116298 0.1891268 1.985789 0.9998871 -0.05189332
0.0263812 0.05418309
1.033256 -2.041072 -0.1636604 1.954431 1.009859 -0.1334337
-0.03045937 0.04140382
1.052264 -2.142278 0.09391914 2.022924 0.9411498 -0.1411073
0.02265161 0.02520704
1.074784 -2.014244 -0.1059955 1.973045 1.027954 -0.003443768
0.04261351 0.02376873
1.057523 -2.067355 0.01337713 2.050356 1.022425 0.08965549
0.03754459 0.07890562
0.9860453 -2.022798 -0.05467709 1.988548 0.9674134 -0.08757949
-0.06309551 -0.08555227
0.9988358 -2.064183 0.1236096 1.995321 1.000373 0.1419583
0.06540919 0.01454024
1.035746 -2.0243 -0.07616631 2.029388 0.9666502 -0.1010096
0.01140104 0.03340092
1.079648 -2.052902 -0.05116079 1.997092 0.9984626 0.04196045
0.007853457 0.08262412
1.001768 -2.031576 -0.05543635 2.006981 0.9263902 -0.118578
-0.223767 -0.02953661
1.050398 -2.070543 0.3706139 2.055499 1.01339 -0.007444314
-0.1824646 -0.08750975
1.098212 -2.026878 0.3705085 2.033562 1.005857 0.1663803
-0.1481057 -0.09002348
1.060119 -2.073824 0.3031686 2.100445 0.9895648 0.1794995
-0.101165 0.00574087
1.090676 -2.015728 0.2612411 2.052151 0.9544338 0.04407352
-0.05881253 -0.02653051
1.112737 -2.089453 0.1789667 2.009578 0.9722377 0.04790252
-0.132461 -0.09693177
1.075241 -2.050419 0.2083257 2.044414 0.9856691 0.1411892
-0.2008604 -0.168834
1.049055 -2.115924 0.3452247 1.976632 0.9201526 0.2534811
-0.1704705 -0.2478103
1.05003 -2.066434 0.3100652 2.08778 0.9526829 0.5131178
-0.1441847 -0.2561105
1.056872 -2.041831 0.3581128 2.018646 0.9788048 0.4485867
-0.09773661 -0.09980516
1.030598 -2.10174 0.2020843 1.974216 0.9518652 0.2324966
-0.1656996 -0.02244153
1.074057 -2.049726 0.2694535 2.019487 1.011087 0.0270486
-0.1528886 -0.04576408
1.053695 -2.034984 0.1846527 2.03564 0.9944644 0.04525584
-0.06565496 -0.00959131
1.073351 -2.045011 0.09760261 1.985478 1.007765 0.02362305
-0.1220981 -0.1273149
1.106549 -2.093384 0.1128638 2.059947 0.9690093 0.1721071
-0.1601523 -0.2433159
1.033042 -2.043458 0.1846204 1.967095 0.9970432 0.3007296
-0.2226562 -0.1720552
1.035565 -2.057365 0.3035616 2.056367 0.9261044 0.2004733
-0.06922955 0.02880625
1.11668 -2.0607 0.117941 2.075607 0.9592931 -0.01176807
-0.2319941 -0.08650608
1.032127 -2.044566 0.243207 1.996964 0.9344094 0.09853329
-0.1023643 -0.08926743
1.037532 -2.075547 0.1146275 2.061742 0.9770233 0.09516982
-0.0493333 0.03101668
1.051523 -2.081365 0.1035133 1.97992 0.9687425 0.03054034
-0.2477352 0.09433392
1.068459 -2.104408 0.3430477 2.035469 0.9417439 -0.07755224
-0.2382581 -0.05362687
1.044152 -2.000155 0.4371755 2.057935 1.038298 0.1087133
-0.1551839 -0.1373233
1.002467 -2.043938 0.3384601 2.016021 0.9633436 0.2976274
-0.1560245 0.004113965
0.9949568 -2.063223 0.3145619 1.980977 1.001187 0.001963254
-0.08505858 -0.007016976
1.041751 -2.109856 0.2656433 1.93611 0.9859799 0.002323658
-0.03632142 -0.01635583
1.083494 -1.999389 0.05829747 2.033669 0.9767851 0.04221933
0.03539902 -0.0348743
1.062122 -1.984799 -0.08607259 1.968677 0.9882437 0.1837889
-0.003936201 -0.02132538
1.039907 -1.995342 -0.01618329 2.005063 1.063867 0.0440074
0.06753542 -0.1421076
0.9783409 -2.011961 -0.06786306 2.018364 0.9449475 0.2686594
0.04474305 -0.05530821
1.064896 -2.080551 -0.02732993 2.099159 1.034495 0.08284377
-0.1192232 -0.08924218
1.05806 -2.019997 0.1935168 1.981451 1.007433 0.09152644
0.04735767 -0.05769558
1.083563 -2.032169 -0.04328403 2.070796 0.9416102 0.08244109
-0.08469571 -0.100933
1.086687 -2.026226 0.09076158 1.995431 0.9359481 0.1414495
-0.05604791 -0.1295386
1.030007 -2.035195 0.06140419 2.002051 0.9803134 0.120349
-0.09001467 -0.07969018
1.042627 -2.008781 0.1544746 2.025223 0.9354309 0.1353624
-0.08824508 -0.1203867
1.001372 -2.032013 0.1489462 2.015892 1.065023 0.1130973
-0.0458399 -0.2121353
1.097716 -2.077468 0.08417794 2.038179 0.9489549 0.2068396
-0.06947352 -0.1904745
1.024024 -2.084107 0.05717408 1.988961 0.9450177 0.2488693
-0.1400622 -0.2409746
1.019617 -2.024863 0.2138807 2.051778 0.97159 0.2836781
-0.1232425 -0.2591886
1.026416 -2.061559 0.1317425 1.992134 0.940574 0.3056513
-0.07074404 0.03743335
1.100341 -2.035815 0.1317689 2.062935 0.968334 -0.04025422
0.003547131 0.01647292
1.00315 -2.047581 0.05801364 2.056562 0.9303193 -0.008528229
0.05866586 0.007086017
0.9808334 -2.081904 -0.1621157 1.95898 1.006852 0.04558445
0.07929343 -0.01816312
1.005969 -2.060712 -0.3452388 1.997694 0.9543317 0.02619105
0.01825728 -0.0317034
1.025924 -2.026766 -0.008173979 2.026745 1.077606 0.0468384
-0.07729768 0.1200449
1.038043 -2.098976 0.2415388 2.024605 1.027584 -0.2440513
-0.1270223 0.1459395
1.074424 -2.130158 0.3077689 2.006001 0.9615654 -0.2973054
0.003836136 0.09779513
1.038734 -2.056709 0.2380109 2.118425 0.9657995 -0.1763727
-0.04468253 0.02346599
1.056178 -2.038875 0.2280821 2.113121 0.9731364 -0.07807805
-0.0354942 -0.09227948
1.054748 -2.148933 0.2226031 2.023428 1.029546 0.2172568
-0.3884534 0.05880186
1.079356 -2.112663 0.3954236 2.059793 0.9669899 -0.06933104
-0.4708587 0.1256929
1.022923 -2.055225 0.501416 2.08065 0.9644986 -0.1131236
-0.4668927 0.1530523
1.030648 -2.065117 0.5073617 2.002127 1.030445 -0.1637775
-0.4967203 0.079477
1.023953 -2.06487 0.4871577 2.044528 1.015503 -0.09903431
-0.4822001 0.1123908
1.080137 -2.051131 0.4621876 2.030608 0.9680741 -0.09104764
-0.3925482 0.07780672
1.139815 -2.096824 0.3980708 2.071518 0.9859714 -0.08179606
-0.5861422 -0.1060671
1.133472 -2.040535 0.5749768 2.077679 0.9632083 0.08453595
-0.4599948 -0.03114737
1.100557 -2.043482 0.5090253 2.045415 0.9578607 0.03957969
-0.5574777 -0.3065073
1.004468 -2.053156 0.5806282 2.017122 0.9945098 0.3045209
-0.6177812 -0.3322455
1.07998 -2.096464 0.658628 1.99988 0.9851235 0.3439853
-0.1776711 -0.03071424
1.024828 -2.089599 0.3054553 2.0331 1.007762 0.06171105
-0.2119005 -0.05190926
1.033844 -2.103969 0.3322081 2.068796 0.9521269 0.08431655
-0.0868547 -0.1124107
1.009604 -2.075796 0.1715276 2.023646 0.977242 0.1607431
-0.08104677 0.05867342
1.042659 -2.041662 0.1760491 1.975657 0.9354068 -0.03167098
-0.1630537 -0.02584252
0.9889989 -2.089478 0.327866 2.020769 1.076928 0.0726054
-0.2134082 -0.230367
1.024572 -2.039724 0.3329334 2.037628 1.02399 0.3267633
-0.07649404 -0.1764024
0.9828945 -2.021047 0.0915123 2.04069 1.037278 0.2613657
-0.1055396 -0.1156067
1.047608 -2.081283 0.2310153 2.099052 0.9983707 0.2381858
-0.01025777 -0.1300045
1.029333 -2.055632 0.1277543 2.044425 1.006541 0.1783604
-0.1051906 -0.07873832
1.038235 -2.027516 0.1705131 1.989152 1.015078 0.1018558
-0.09490227 -0.09361621
1.000754 -2.005387 0.3644985 2.004841 1.004831 0.0897617
0.006502042 -0.06282447
1.019712 -2.030961 0.0702889 1.945322 1.043405 -0.1558803
-0.0484075 0.01134579
1.066158 -2.065999 0.1025104 1.993234 1.033646 0.03932363
0.05110993 0.05171435
1.083233 -2.035797 -0.02729035 2.067664 0.970781 -0.159774
0.01281473 0.0414142
1.036809 -2.08452 0.08869 2.086003 0.9563468 0.04903399
-0.04434992 0.02296391
1.074933 -2.031977 0.1956932 2.005494 0.9975839 0.1026241
0.02198081 0.006498912
1.055759 -2.036911 0.009201642 1.961221 1.017362 0.06276781
-0.1282563 0.03716356
1.076589 -2.008266 0.3290735 2.006842 0.9770698 -0.1870401
-0.03735062 0.006785819
1.017885 -2.05129 0.312353 2.005237 1.000432 -0.1535529
0.02086283 -0.03704719
0.9482656 -2.036555 -0.132611 1.994942 0.9985463 -0.01994218
-0.2845738 -0.07074421
1.006831 -2.055814 0.3672814 2.081998 0.987388 0.1319536
-0.2632832 -0.1440595
1.11816 -2.09172 0.2847145 2.114462 0.9970391 0.1232794
-0.3994777 -0.0503129
1.095404 -2.054218 0.4376101 2.031407 0.9230869 0.04608547
-0.4615436 -0.2829374
1.064261 -2.112062 0.501996 1.999101 0.9960136 0.2859511
-0.647962 -0.2189733
1.003737 -2.100565 0.7935236 2.001004 0.9510138 0.2548761
-0.6877315 -0.3304493
1.049571 -2.071077 0.8516266 2.047723 0.9295311 0.4072016
-0.5883775 -0.416149
1.071485 -2.019807 0.710583 1.998308 0.9900829 0.4928897
-0.6305441 -0.3467642
1.094149 -2.06006 0.7968559 2.049488 0.9539099 0.3685189
-0.682888 -0.537552
1.009772 -2.092015 0.8027153 1.977731 0.9870596 0.5909985
-0.8028052 -0.5411424
1.067601 -2.103823 0.9425627 2.031942 1.04068 0.6474571
-0.0478916 -0.1582247
1.040316 -2.094214 0.1251381 2.108589 1.014625 0.2427353
-0.204441 -0.1864633
1.068373 -2.062016 0.2617904 1.968458 0.9760874 0.2991438
-0.05171685 -0.08952111
1.035211 -2.088975 0.03524836 2.001169 0.9830452 0.1631026
0.05275523 -0.03018587
0.9927369 -2.063273 -0.01041042 1.996376 0.9763198 0.09804894
-0.08291702 -0.05730639
1.035512 -2.060586 0.1641759 2.027249 1.010241 0.1456019
0.04178647 -0.00286915
1.033567 -2.056928 -0.04417037 1.987882 1.020881 0.03255593
0.0424519 0.04169724
1.059494 -2.029143 0.00854214 1.987329 1.025608 -0.09044725
0.02582663 -0.0221601
1.038464 -2.054243 0.01147146 2.00269 1.015751 -0.03659958
0.07531141 -0.04606053
1.080824 -2.05739 -0.06061372 2.032964 1.014308 0.1483661
0.1622764 -0.04452184
0.9838929 -2.053002 -0.2298478 1.985751 0.9738231 0.08061807
0.02750372 -0.004669966
1.051114 -2.077694 0.1482791 1.99549 1.018547 -0.0245305
-0.01383696 -0.03612267
1.124927 -2.010316 0.1095907 2.072652 1.001624 0.1292184
0.04266785 0.01312658
1.119379 -2.092644 -0.04439095 2.096785 0.9081474 -0.1180263
-0.05431481 -0.0458413
1.067761 -2.04008 -0.05479469 2.034615 0.9830229 -0.1883224
-0.01746093 0.01473463
1.031949 -2.037464 0.04221443 2.009188 1.012142 -0.136512
-0.07438719 -0.03176269
1.018917 -2.012946 0.4204911 2.01475 1.000043 0.504252
0.03114493 -0.04350765
1.024374 -2.052353 0.5366259 2.073133 1.041636 0.4978604
-0.02492542 -0.009002957
1.128968 -2.023719 -0.1070462 2.079153 0.9699816 0.5506435
0.01834535 -0.03954857
1.042604 -2.079117 -0.2221384 1.995642 1.012292 0.322549
0.006599811 -0.01016805
1.087719 -2.047628 0.09286598 2.024066 1.049291 0.07506243
-0.04078457 0.001575027
1.102667 -2.02476 0.01509948 2.043165 0.9707589 -0.0671233
0.001599951 0.0002040239
1.089051 -2.05358 -0.06556173 2.017333 1.042405 -0.02610256
-0.02352235 0.05279285
1.017195 -2.042122 0.09808808 2.05647 0.9827653 -0.03782369
0.01253416 0.1022503
1.043856 -2.079438 0.07052771 1.987516 1.021187 -0.1677395
-0.02616705 -0.01653662
1.028873 -2.147386 0.1157761 1.973948 0.9167882 0.08519718
-0.05680759 -0.05822034
1.108011 -2.009878 0.1493789 2.009382 0.997393 0.1671631
-0.00370131 -0.04325323
0.9857362 -2.014533 0.03665541 2.010997 0.9801765 0.06927843
-0.1225578 0.01173501
0.9868019 -2.033333 0.3490756 1.973007 1.010406 0.04238554
-0.03256784 0.008997273
1.055615 -2.017726 0.1090766 2.04586 1.035417 -0.06205379
-0.07964752 -0.07556754
1.043644 -2.049887 0.1603099 1.953162 0.9933911 0.05136383
0.01927419 -0.08779387
1.04702 -2.068696 0.2155699 1.965838 0.9786168 0.1675931
-0.05361492 -0.03569777
1.024463 -2.015451 0.2223119 2.001598 1.034487 0.3121998
-0.003789554 -0.006489801
1.069628 -2.041878 0.0005778791 2.032581 0.9891539 0.1347641
0.0006489393 0.006734558
1.080194 -2.054808 -0.1548253 2.040819 0.9953106 0.118866
-0.0696577 -0.03999881
1.056534 -2.049459 0.3128997 2.015718 0.9734175 0.2396593
-0.08329236 -0.0322949
1.007564 -2.054689 0.3287287 1.966158 1.041142 0.1310224
-0.03773575 -0.03085677
1.032792 -2.072611 0.05542992 1.994053 0.9627784 0.03774098
-0.005935973 -0.09130838
0.972994 -2.119822 0.1332733 2.007121 0.9344263 0.2020827
0.03122163 0.01685664
1.034569 -2.037586 -0.1516016 2.059088 0.985266 -0.09209276
0.02501548 0.04680904
1.003901 -2.015918 0.03463154 1.978539 1.046834 0.02069668
-0.1158721 0.1583193
1.060488 -2.049945 0.1418959 2.028932 0.9917135 -0.4715894
-0.07908355 0.09692822
1.053243 -1.993041 0.1504251 1.957593 1.000984 -0.3750484
0.02366182 0.1423627
1.00349 -2.074095 -0.2028262 2.043781 1.030384 -0.4127697
0.04412028 0.1185805
1.059096 -2.041874 -0.08912099 1.974016 0.9715939 -0.2957817
0.01859127 0.224734
1.078269 -2.068154 -0.006792576 2.112037 0.9863861 -0.3364899
0.01137505 0.05656108
1.090886 -2.054021 0.003726201 2.050571 0.9920611 -0.1175724
-0.1053143 0.1250995
1.000691 -2.062553 0.2116393 1.987876 0.9460443 -0.2561259
0.01851964 0.09563505
1.032014 -2.038157 -0.06606601 2.013046 1.025816 -0.2451781
-0.01472063 0.06672303
0.9946933 -2.048733 -0.01544274 2.014494 1.029616 -0.2576705
0.005344098 0.1518731
1.057497 -2.036463 -0.01968655 2.022521 0.940549 -0.2428005
-0.1606502 -0.02768704
1.035521 -2.012359 0.2545283 2.005044 1.042884 -0.004589406
0.03095031 0.0359648
0.9828056 -2.032488 0.0535922 1.920763 1.017339 -0.02627873
0.09219036 -0.00507856
1.056524 -2.120991 -0.1170111 2.01248 0.9738835 0.002836079
0.1390702 -0.0292148
1.064167 -2.054704 -0.1784666 2.028785 0.9601966 0.03192872
0.1762792 -0.01279307
1.014321 -2.067706 -0.1416178 2.039221 0.9322803 0.002036454
0.1734757 -0.02260574
1.050984 -2.087889 -0.1646405 2.043701 0.940671 0.02005306
0.1200002 0.004295209
1.055343 -2.046948 -0.2020216 1.970549 1.01719 -0.01445809
0.0008999945 0.01194658
1.019629 -2.102091 0.02502365 2.000483 0.9959132 0.03120625
0.02318338 -0.05840555
1.034778 -2.03849 -0.0680045 2.033143 0.9345113 0.1034236
-0.04138822 0.07556911
1.107433 -2.106115 0.05806943 2.017227 0.9993923 -0.06977265
-0.1227159 0.05717249
1.069209 -2.093571 0.1543478 2.052558 0.9489292 -0.01989618
0.04271182 0.05109153
1.044577 -2.037993 -0.06817513 2.055521 1.008681 -0.08686404
-0.06358906 -0.1321547
1.077998 -2.087224 0.09148973 2.073023 1.032322 0.1723128
-0.03218168 0.01013727
1.013389 -2.055415 0.1428308 2.013393 0.989175 0.01863338
-0.1194833 -0.03402527
1.023885 -2.078008 0.2148348 2.073779 0.9525585 0.03871804
0.04670569 -0.02895716
1.030404 -2.060686 0.01294118 2.051631 0.9960072 0.001828975
-0.1056381 -0.03383798
1.085628 -2.090793 0.1771037 2.03102 0.9311434 0.05770856
-0.2144229 0.04179215
1.131292 -2.07349 0.2703748 2.0071 0.9491498 0.01081072
-0.0870133 -0.05519476
1.004223 -2.073728 0.1261189 2.069636 1.03011 0.0360725
-0.1757224 -0.02135417
1.069179 -1.98388 0.2414634 2.032026 0.9928366 0.04205163
0.06159894 0.04543947
1.070903 -2.075939 -0.06160482 1.999648 0.949716 -0.006450493
0.06729118 0.08137989
1.151967 -2.044971 -0.09586038 2.067646 1.019832 -0.2161829
0.08198228 0.06850894
1.073514 -2.112297 -0.06933943 2.066275 0.9733132 -0.134082
0.07139323 0.0494523
1.046505 -2.079087 -0.08922381 2.013712 0.9752536 -0.1217929
0.08894509 -0.03593506
1.039053 -2.016661 -0.1948071 2.033473 1.045117 0.09587428
-0.04235472 -0.1397774
1.048883 -2.092312 -0.01783989 2.043389 1.011684 0.1177616
0.04127735 -0.1014494
1.015377 -2.073762 0.02369367 2.062915 1.029019 0.1842254
0.1274805 0.01900204
1.032017 -2.098787 -0.1909589 2.031923 0.9579404 0.03044059
0.04400862 -0.04132188
1.050695 -2.077443 -0.151563 2.051862 0.9558988 0.04804947
0.05036417 -0.0123786
1.082964 -2.054809 -0.03216523 2.091607 0.952197 0.09605785
-0.2250313 -0.1364083
1.024193 -2.002601 0.3316694 2.045023 0.9923567 0.1964748
-0.149264 -0.05504437
0.9814157 -1.972522 0.207245 2.07855 1.007408 0.07228069
-0.0565996 -0.06766953
1.097832 -2.093882 0.1666217 2.076215 1.006955 0.07293299
-0.003288044 -0.08952331
1.019643 -2.099777 0.1220888 2.050022 0.9736746 0.09714826
-0.1257573 -0.2122689
1.076786 -2.092131 0.2388767 2.038426 0.9754091 0.3604076
-0.139057 -0.2414313
1.132553 -2.052097 0.2364787 2.017132 1.041008 0.3793381
-0.1131461 -0.2029356
0.981667 -2.043149 0.2351414 1.998171 0.9718544 0.2883882
0.03735496 -0.1533942
1.090816 -2.041748 -0.134183 2.003311 0.9705712 0.2308376
0.04327786 -0.1357929
1.041422 -2.075695 -0.09742726 2.057971 0.9976255 0.2169244
0.1162998 -0.1428982
1.044679 -2.113059 -0.09804269 2.016386 0.9659893 0.2402108
0.01920469 0.004920969
1.008431 -2.13531 0.0488888 2.004863 0.9381022 -0.05005142
0.1675274 -0.04488069
1.085698 -2.043704 -0.3904932 2.046552 1.003566 0.01735196
-0.001519403 -0.06971671
1.035009 -2.092937 -0.02448356 2.018234 1.041413 0.001135409
-0.1105515 -0.0335268
1.037771 -2.055569 0.08226219 2.056041 0.9579392 0.04286311
-0.01661437 0.1125121
1.030069 -2.085827 -0.01856613 2.000345 0.9918965 -0.2088209
0.08489921 0.1595333
1.005074 -2.034325 -0.0764405 2.026199 0.9150739 -0.2142267
0.05289333 -0.0003566969
1.024725 -2.059019 -0.06561598 2.006872 1.050005 -0.06348392
0.1400878 0.06306833
1.037539 -2.107551 -0.09765816 2.011227 0.92016 -0.1647771
0.0695574 0.1308385
1.018874 -2.067815 -0.1405171 1.930228 0.9598473 -0.1718033
-0.09197341 0.006400489
0.9551829 -2.102634 0.1341384 1.990787 0.9123753 -0.09194102
-0.1045935 -0.01375115
1.039865 -2.057982 0.2591471 2.028046 0.9549769 0.05183356
-0.04880654 -0.067679
0.9744233 -2.031436 0.01453402 2.008427 0.9969782 0.0522265
-0.01469963 0.02431806
1.103438 -2.177817 0.091818 2.065707 0.9479188 0.002770977
0.02591688 -0.06555348
1.064605 -2.127373 -0.01305679 2.031749 0.9996136 0.03902644
-0.01747134 -0.02443112
1.042018 -2.063394 -0.01699191 2.083997 0.994868 -0.0169694
0.005002628 0.06078897
1.061265 -2.020688 0.08261752 2.020355 0.9697217 0.007526775
-0.006573895 0.0284929
1.0149 -2.035318 0.04387049 2.006493 0.9995569 0.00803799
0.06962343 -0.1239654
1.0336 -2.074287 -0.06487066 1.967178 0.9421988 0.2041286
0.03593505 -0.09484139
1.023595 -2.004964 -0.1168926 1.924859 1.005283 0.08809989
0.04053226 -0.07026126
1.070542 -2.104283 -0.0808273 2.044123 0.9766085 0.238411
-0.06005431 0.00360415
1.048063 -2.029349 0.1636429 2.075519 1.022548 0.04326405
0.02678396 0.001137486
1.022277 -2.118743 -0.08893543 2.03292 0.9798395 0.04882622
-0.0465919 -0.06713448
1.085285 -2.044919 0.0584761 2.025207 1.00186 0.2415786
-0.01939611 -0.04035262
1.098723 -2.046395 -0.0298573 1.973711 1.030555 0.09536665
-0.03432027 0.005072066
1.043813 -2.052455 0.06866518 2.071403 0.9542755 -0.04758794
0.004815407 -0.04603046
1.038532 -2.083091 0.08774882 2.003018 0.9887556 0.1650793
0.05731842 0.01187305
1.074588 -2.070085 -0.03577129 1.976925 0.9446151 0.05603118
-0.01005161 0.02616898
1.023015 -2.048434 0.01781057 2.011072 0.9884013 -0.004276332
-0.01134972 0.02979454
1.081481 -2.06314 0.1784186 1.983087 1.009326 -0.09176047
-0.05085535 -0.04138835
1.026156 -2.084322 -0.00662527 2.030615 0.9338196 0.004442344
-0.2867912 -0.04256319
1.097457 -2.036809 0.3695809 1.95576 0.9719811 0.05387865
-0.2317023 -0.06657615
1.010975 -2.097106 0.2751877 2.044383 0.949444 0.09904522
-0.3005311 -0.02101338
1.032634 -2.067646 0.3268544 2.024955 0.9941131 0.07381537
-0.1361468 0.08235368
1.027241 -2.009919 0.2383275 2.067524 1.020125 -0.117959
0.06837203 0.1438323
1.04201 -2.05083 -0.03241583 2.036241 1.064197 -0.1872019
0.07471226 0.1786633
1.065313 -2.060377 -0.0672505 1.954042 1.034043 -0.2555559
0.005967245 0.3444994
1.055221 -2.064977 0.03990419 2.053084 1.017781 -0.3454591
0.19704 0.2770478
1.054552 -2.079098 -0.2123516 2.034518 0.9296972 -0.2868246
0.1754426 0.2518193
1.038667 -2.108044 -0.1825188 2.078002 0.9922106 -0.2541182
0.1585118 0.3025816
1.009559 -1.976062 -0.2111589 2.016461 0.9515439 -0.3061802
-0.005853641 -0.03052652
1.054959 -2.111503 0.08891257 2.068125 1.014716 0.08388019
-0.0004447321 -0.0005847455
1.027937 -2.107727 0.009120401 2.051112 1.028837 0.04303333
0.1709015 -0.08331735
1.052055 -2.046089 -0.2660992 2.075321 1.007024 0.1845855
0.06910549 -0.04044547
1.104737 -2.059974 -0.141167 2.029377 1.005786 0.1055017
-0.04186099 -0.09908902
1.048895 -2.030921 0.01124953 2.008263 0.9621243 0.1824088
0.02070447 -0.1504913
1.127193 -2.010547 0.006275783 2.069054 1.010689 0.2034135
0.1205516 -0.07281224
1.060512 -2.014477 -0.1656973 2.054269 1.012612 0.1800261
0.1635219 0.007351246
1.063827 -2.010691 -0.1964893 2.038205 0.9986804 0.1535321
0.1324883 -0.02856607
1.032565 -2.050077 -0.2177133 2.048623 1.056777 0.1439734
0.05960345 -0.07477753
1.06547 -1.998674 -0.2916867 2.031703 0.9658623 0.05612858
-0.372755 -0.0007003383
1.085522 -2.050635 0.4154876 1.981612 0.9992669 -0.01770267
-0.2174442 0.1460705
1.084204 -2.067436 0.2162024 2.040219 0.9500982 -0.1479201
-0.07901095 0.09632433
1.00161 -1.984751 0.0975348 2.001984 0.9409572 -0.05819011
-0.1548238 0.1220367
1.060509 -2.09985 0.1500229 1.994494 0.9797519 -0.07366496
-0.1156262 -0.01840361
1.003964 -2.048364 0.1474173 1.975856 0.9620818 -0.01130319
-0.1184361 0.02734631
0.9835577 -2.062403 0.1407106 1.992491 0.9320651 -0.03814051
-0.1812535 0.08131917
1.093279 -2.109777 0.206072 2.09034 0.9604655 -0.05493071
-0.3672814 -0.00924488
1.034305 -1.961145 0.3496012 2.005637 0.9974928 -0.0122724
-0.4291175 -0.1120659
1.062891 -2.013481 0.4063243 2.000127 1.054002 0.08386244
-0.30942 -0.08351569
1.037903 -2.055168 0.3458948 1.996192 0.9484204 0.09280564
-0.3116945 -0.08315505
0.9669481 -2.050015 0.2916667 1.993229 0.9658007 0.1603738
-0.3008738 -0.150626
1.046665 -2.038655 0.3871382 1.970857 0.9685935 0.1267952
-0.3167297 -0.1887818
1.047964 -2.096318 0.3660032 2.026336 0.9251972 0.2317122
-0.4689036 -0.05962321
1.011879 -2.08105 0.45351 2.013444 0.9289455 0.1069048
-0.4033425 -0.1166522
1.037645 -2.032152 0.4624585 1.985212 1.010033 0.1048654
-0.3804856 -0.1466293
1.036888 -2.054504 0.3598064 1.998015 1.013292 0.1045196
-0.4418137 -0.1948881
1.035817 -2.023875 0.4638338 2.039919 0.9877263 0.1802859
-0.4485806 -0.1112325
1.041711 -2.001811 0.449438 2.007371 0.9722066 0.164819
-0.462313 -0.01792315
1.009835 -2.120297 0.5505736 2.039155 0.917397 0.04398093
-0.44166 0.07656143
1.028338 -2.034661 0.4729817 1.996441 1.013261 -0.09102251
0.1000376 0.1434962
1.022803 -2.045265 -0.1120236 2.03745 0.9758427 -0.2594365
0.1177317 0.1435984
1.070097 -1.981126 -0.2277005 1.946741 0.9984816 -0.2952414
0.1107187 0.2060785
1.088481 -2.075793 -0.251921 2.028878 0.9535462 -0.3028432
0.06936315 0.1936942
1.008427 -2.025985 -0.1623812 2.048786 0.9492392 -0.3997893
0.1501297 0.1200416
1.075334 -2.042195 -0.2812301 2.086808 1.003079 -0.2687495
0.09984234 0.1275822
1.045067 -2.02284 -0.1968411 2.032703 0.9585162 -0.2545209
0.1158509 0.1772053
1.049096 -2.080641 -0.2359416 2.008695 1.045687 -0.3415202
0.1611937 0.1502794
1.072951 -2.022111 -0.1672238 2.017575 1.012325 -0.2156799
0.09840173 0.2644135
1.025813 -2.141487 -0.1346758 1.998103 0.9169846 -0.4030431
-0.07249202 0.1476981
1.035686 -2.079598 0.1511298 2.030596 1.031138 -0.2726494
-0.3617317 0.02313454
1.023023 -2.062682 0.3522434 1.998169 1.037788 -0.0255114
-0.3050955 0.1156515
1.09673 -2.057554 0.3371876 2.075723 0.9709272 -0.1370877
-0.4511696 0.02878689
1.028245 -2.039569 0.421217 2.024739 1.013912 -0.05876995
-0.5457976 0.001982787
1.095974 -2.062382 0.5354417 2.008017 0.9574879 -0.007492962
-0.6144502 -0.08269234
0.9461978 -2.06993 0.6317178 1.988423 0.9717502 0.08060791
-0.5849326 -0.1508749
0.9552601 -2.049349 0.630896 1.951414 1.005574 0.169857
-0.6050444 -0.1578549
1.034272 -2.004495 0.6743215 2.064075 0.9751937 0.1594331
-0.5562108 -0.09224797
1.027867 -1.973167 0.5866972 2.011515 1.029224 0.1244733
-0.645252 -0.1735656
1.075445 -2.094178 0.7370047 2.041213 0.9811152 0.176291
-0.6254169 -0.08765617
1.051399 -2.035178 0.7145801 1.967004 1.00789 0.168061
0.08624931 -0.05565105
1.046639 -2.099868 -0.3071011 1.99757 1.033655 0.06614156
0.1115662 -0.006967826
1.104677 -2.027658 -0.4507141 1.998683 1.049775 0.1324149
0.05560752 -0.05370357
1.034669 -2.132956 -0.3439108 1.994825 0.8915636 0.2899867
0.08307715 0.02993911
1.079307 -2.089586 -0.4373631 2.003886 0.949441 -0.1308119
0.04264669 -0.01980513
1.034609 -2.024645 -0.2562551 2.112124 1.077085 0.2672058
0.05981649 -0.03180716
1.013032 -2.065313 -0.09585136 2.015056 0.9441196 0.1911734
-0.003668934 -0.003996564
1.018602 -2.028174 -0.3116695 2.036369 1.019673 -0.08391328
0.06425556 -0.02359205
1.039866 -2.063967 -0.3571272 2.039719 1.016494 0.02373029
0.1098529 -0.008644011
1.012267 -2.09058 -0.4211293 1.995265 1.002747 0.006588432
0.05849469 -0.008746285
1.087153 -2.008157 -0.3275478 2.00832 1.024623 0.07104913
-0.1576704 -0.07461506
1.101348 -2.030081 0.2028447 2.053156 0.979817 0.121199
-0.06438954 -0.1559546
1.015139 -2.016407 0.1554392 1.987528 0.998671 0.1758444
-0.06018601 -0.03943551
1.031708 -2.117229 0.1646618 2.042446 0.9662808 0.1579582
-0.1146553 -0.2403988
1.057655 -2.101223 0.2013743 2.100573 0.9756267 0.338955
-0.02478382 -0.09950922
1.030472 -2.145416 0.09031614 1.976461 0.9442582 0.2760636
-0.1234815 -0.2028754
0.9846223 -2.086887 0.1726958 2.027569 0.979257 0.328236
-0.1065734 -0.1869955
1.054096 -2.037448 0.188314 2.012041 0.9050066 0.3665489
-0.2322892 -0.2179064
1.077537 -2.04902 0.4137568 1.996463 1.001668 0.3934805
-0.152004 -0.08878959
0.9777669 -2.040384 0.2746046 2.001052 1.029773 0.1991866
-0.03081941 -0.1297294
0.9993794 -2.039236 0.05521519 2.034515 0.9339052 0.1595292
