-2365.319
-2230.257
-2267.811
-2282.144
-2328.605
-2270.804
-2320.903
-2397.824
-2315.805
-2306.067
-2389.975
-2417.289
-2421.714
-2402.232
-2374.409
-2298.731
-2349.598
-2414.662
-2408.18
-2442.771
-2384.885
-2384.64
-2337.739
-2374.388
-2637.367
-2580.337
-2537.336
-2507.499
-2553.086
-2512.94
-2511.671
-2542.825
-2482.052
-2524.859
-1384.891
-1369.736
-1343.21
-1342.108
-1327.546
-1360.893
-1360.162
-1358.957
-1384.081
-1323.846
-1402.607
-1447.821
-1415.947
-1409.18
-1376.01
-1403.945
-1380.12
-1409.635
-1390.551
-1408.845
-2554.466
-2594.681
-2542.853
-2616.414
-2600.556
-2585.249
-2566.324
-2606.79
-2532.266
-2600.988
-2549.13
-2621.774
-2623.717
-2625.942
-2573.339
-2594.938
-2591.927
-2627.724
-2623.341
-2636.404
-1350.428
-1412.472
-1404.943
-1375.822
-1368.426
-1368.9
-1347.226
-1354.115
-1343.747
-1356.1
-1346.133
-1352.695
-1383.636
-1362.379
-1387.535
-1360.887
-1368.602
-1311.886
-1335.872
-1367.477
-1398.351
-1383.474
-1394.595
-1415.383
-1389.623
-1369.701
-1399.183
-1385.702
-1411.139
-1435.269
-1398.338
-1394.127
-1401.497
-1360.663
-1356.159
-1377.3
-1421.008
-1407.058
-1407.645
-1391.647
-1445.684
-1443.351
-1416.004
-1457.481
-1439.398
-1435.79
-1400.445
-1411.157
-1399.104
-1396.938
-1427.185
-1393.275
-1409.854
-1409.373
-1399.782
-1411.606
-1396.823
-1392.764
-1406.507
-1429.588
-1404.605
-1414.848
-1378.553
-1387.919
-1415.034
-1388.688
-1351.564
-1349.842
-1416.807
-1406.023
-1413.112
-1449.69
-1416.504
-1409.052
-1382.809
-1394.916
-1382.017
-1405.601
-1405.333
-1409.771
-1404.623
-1397.984
-1376.369
-1421.216
-1410.271
-1444.828
-1411.493
-1392.409
-1405.24
-1420.543
-1393.314
-1391.767
-1425.819
-1398.529
-1390.278
-1414.672
-1398.222
-1395.593
-1419.536
-1411.095
-1436.787
-1446.936
-1466.168
-1432.178
-1426.055
-1459.106
-1422.646
-1430.401
-1417.016
-1418.377
-1386.763
-1374.263
-1362.952
-1374.837
-1381.771
-1403.23
-1424.072
-1382.74
-1370.978
-1370.19
-1385.27
-1389.478
-1355.507
-1355.632
-1389.582
-1387.031
-1381.728
-1413.029
-1357.548
-1325.462
-1325.311
-1390.494
-1399.694
-1326.247
-1383.916
-1376.833
-1386.744
-1420.256
-1414.036
-1409.99
-1417.232
-1360.472
-1425.947
-1405.637
-1455.655
-1438.5
-1434.978
-1413.4
-1396.561
-1429.923
-1425.455
-1410.311
-1433.742
-1419.128
-1387.516
-1376.807
-1349.873
-1375.575
-1393.712
-1362.923
-1414.842
-1434.983
-1425.95
-1456.671
-1437.694
-1390.21
-1382.599
-1395.453
-1359.514
-1416.151
-1428.759
-1414.141
-1432.935
-1396.597
-1402.914
-1389.371
-1447.502
-1401.434
-1410.43
-1413.439
-1407.605
-1414.633
-1427.749
-1406.705
-1370.815
-1385.007
-1368.924
-1393.443
-1390.787
-1392.997
-1368.556
-1404.831
-1370.799
-1345.975
-1412.446
-1414.455
-1374.444
-1400.427
-1369.77
-1413.244
-1399.188
-1409.053
-1436.661
-1397.938
-1407.28
-1408.056
-1398.972
-1374.321
-1403.64
-1437.548
-1351.567
-1379.333
-1370.343
-1357.273
-1378.883
-1361.859
-1359.729
-1360.188
-1385.36
-1362.467
-1370.695
-1377.423
-1377.58
-1425.817
-1334.387
-1428.104
-1385.746
-1412.981
-1445.192
-1427.855
-1369.548
-1419.855
-1401.153
-1410.152
-1418.764
-1399.077
-1369.687
-1359.111
-1354.739
-1372.492
-1340.862
-1355.112
-1368.433
-1393.47
-1399.083
-1436.117
-1395.703
-1374.926
-1435.807
-1414.753
-1422.269
-1453.192
-1400.95
-1387.315
-1373.033
-1371.112
-1398.134
-1406.249
-1407.774
-1380.796
-1411.082
-1416.375
-1381.23
-1390.095
-1426.054
-1392.517
-1416.027
-1415.093
-1359.112
-1383.545
-1397.496
-1413.742
-1420.59
-1406.259
-1402.07
-1440.886
-1410.882
-1384.101
-1408.129
-1382.889
-1378.26
-1362.898
-1383.837
-1421.896
-1378.799
-1386.421
-1356.112
-1402.161
-1409.398
-1394.73
-1390.375
-1375.979
-1370.791
-1420.115
-1385.233
-1378.125
-1376.076
-1373.891
-1384.012
-1402.489
-1372.694
-1364.841
-1329.867
-1380.688
-1396.134
-1404.707
-1420.968
-1396.635
-1392.399
-1363.838
-1377.982
-1395.457
-1417.34
-1401.087
-1357.826
-1386.254
-1373.942
-1388.368
-1372.467
-1362.591
-1382.39
-1410.825
-1390.732
-1403.779
-1374.897
-1391.072
-1344.415
-1380.41
-1356.324
-1353.054
-1370.848
-1341.813
-1368.311
-1405.027
-1381.675
-1400.173
-1376.113
-1400.735
-1402.675
-1421.833
-1420.757
-1441.729
-1460.82
-1397.762
-1390.794
-1397.697
-1440.562
-1418.57
-1406.339
-1397.454
-1434.913
-1436.279
-1385.495
-1407.142
-1436.703
-1413.102
-1421.073
-1361.463
-1361.577
-1366.491
-1370.543
-1408.917
-1395.74
-1410.788
-1365.727
-1395.328
-1398.912
-1421.513
-1380.88
-1390.805
-1409.891
-1426.637
-1409.051
-1390.793
-1414.538
-1403.694
-1398.083
-1428.337
-1441.96
-1439.211
-1432.253
-1418.499
-1445.973
-1434.404
-1438.773
-1417.637
-1401.192
-1421.51
-1398.371
-1396.647
-1442.039
-1437.339
-1413.055
-1399.542
-1383.279
-1436.967
-1382.033
-1416.969
-1399.276
-1366.791
-1383.023
-1387.778
-1369.974
-1449.737
-1420.212
-1362.831
-1405.61
-1396.994
-1377.728
-1385.367
-1357.315
-1380.027
-1359.412
-1390.526
-1388.425
-1409.215
-1390.061
-1401.631
-1362.173
-1358.067
-1355.583
-1409.963
-1363.619
-1369.012
-1406.833
-1403.618
-1380.944
-1384.503
-1387.777
-1433.385
-1401.487
-1392.787
-1398.735
-1383.706
-1379.853
-1398.871
-1373.647
-1379.062
-1400.7
-1393.013
-1420.194
-1405.273
-1409.883
-1415.656
-1391.128
-1387.509
-1396.101
-1375.315
-1392.52
-1414.998
-1393.774
-1340.318
-1360.545
-1365.559
-1368.456
-1318.021
-1350.609
-1388.14
-1391.039
-1363.319
-1400.537
-1400.669
-1429.916
-1387.073
-1425.388
-1379.746
-1404.296
-1393.438
-1444.129
-1424.583
-1438.295
-1371.544
-1407.29
-1399.763
-1398.005
-1403.483
-1386.032
-1406.79
-1378.339
-1416.725
-1384.72
-1418.308
-1362.924
-1369.374
-1392.528
-1414.629
-1400.361
-1416.969
-1417.181
-1416.149
-1407.356
-1415.469
-1418.362
-1448.577
-1379.88
-1402.626
-1411.755
-1430.106
-1419.38
-1446.519
-1466.049
-1390.497
-1406.033
-1404.074
-1383.278
-1402.698
-1429.402
-1421.316
-1415.525
-1434.442
-1405.173
-1383.554
-1376.542
-1347.269
-1390.925
-1361.05
-1392.118
-1376.799
-1425.367
-1373.43
-1376.955
-1404.129
-1384.101
-1400.261
-1404.276
-1439.671
-1390.381
-1388.537
-1389.087
-1376.918
-1401.007
-1430.976
-1436.813
-1451.423
-1447.173
-1433.283
-1444.008
-1395.584
-1380.927
-1401.719
-1397.015
-1419.097
-1388.439
-1390.56
-1407.483
-1437.987
-1436.219
-1433.817
-1441.078
-1429.226
-1396.519
-1398.968
-1412.833
-1378.868
-1389.018
-1380.987
-1386.736
-1359.781
-1382.614
-1396.888
-1405.238
-1392.71
-1334.705
-1385.925
-1332.47
-1384.203
-1409.562
-1398.323
-1411.481
-1424.648
-1362.588
-1393.797
-1388.786
-1388.79
-1401.373
-1402.357
-1407.152
-1383.226
-1383.76
-1389.551
-1392.902
-1429.439
-1419.779
-1423.408
-1432.923
-1385.874
-1405.62
-1397.837
-1420.264
-1408.838
-1414.19
-1413.407
-1386.167
-1406.255
-1376.866
-1372.212
-1405.91
-1401.789
-1396.122
-1412.138
-1414.749
-1418.061
-1398.521
-1390.211
-1384.628
-1403.131
-1408.07
-1416.699
-1362.225
-1372.393
-1377.793
-1375.436
-1435.162
-1389.137
-1404.692
-1409.86
-1380.755
-1415.952
-1415.968
-1429.32
-1402.946
-1372.891
-1376.124
-1393.591
-1383.413
-1400.089
-1389.37
-1413.049
-1435.757
-1391.576
-1392.313
-1419.249
-1421.509
-1374.847
-1401.424
-1412.155
-1407.377
-1379.535
-1415.485
-1434.571
-1421.185
-1422.37
-1426.764
-1438.707
-1434.625
-1433.018
-1453.646
-1427.384
-1389.88
-1390.356
-1409.93
-1389.359
-1394.215
-1405.82
-1403.035
-1386.002
-1400.741
-1406.576
-1400.444
-1403.072
-1343.275
-1399.509
-1394.931
-1417.55
-1391.008
-1363.89
-1369.217
-1417.483
-1413.737
-1434.895
-1385.081
-1384.096
-1391.937
-1390.657
-1392.211
-1429.898
-1404.078
-1391.208
-1333.043
-1355.053
-1416.57
-1395.149
-1390.361
-1376.686
-1398.329
-1401.162
-1394.982
-1395.915
-1375.182
-1393.248
-1377.83
-1354.116
-1378.44
-1352.15
-1350.351
-1361.916
-1374.399
-1402.951
-1400.658
-1413.03
-1405.061
-1398.318
-1404.74
-1377.147
-1341.817
-1384.143
-1373.263
-1412.793
-1394.329
-1379.039
-1371.905
-1387.265
-1396.632
-1423.655
-1390.367
-1381.061
-1372.061
-1338.011
-1439.159
-1363.012
-1376.573
-1356.852
-1338.605
-1350.136
-1369.78
-1401.31
-1378.713
-1349.523
-1324.697
-1375.667
-1382.047
-1393.749
-1374.146
-1383.994
-1351.683
-1395.042
-1373.379
-1410.18
-1398.957
-1395.646
-1397.689
-1388.296
-1386.383
-1389.766
-1390.767
-1409.073
-1311.247
-1382.501
-1353.189
-1404.646
-1424.701
-1412.323
-1385.718
-1393.032
-1386.504
-1359.666
-1363.124
-1378.501
-1363.659
-1369.723
-1389.603
-1400.071
-1411.832
-1390.87
-1390.321
-1446.661
-1391.032
-1398.318
-1399.175
-1403.431
-1393.108
-1412.821
-1398.084
-1407.834
-1410.881
-1361.689
-1397.583
-1379.481
-1442.175
-1375.467
-1429.418
-1395.998
-1370.841
-1372.365
-1407.295
-1416.484
-1458.764
-1434.429
-1441.583
-1426.158
-1423.049
-1382.946
-1390.955
-1345.327
-1384.431
-1361.1
-1380.283
-1363.481
-1406.848
-1392.682
-1367.094
-1374.379
-1370.236
-1403.677
-1399.006
-1379.085
-1411.858
-1375.932
-1402.7
-1376.292
-1395.202
-1381.696
-1346.977
-1392.115
-1390.858
-1402.226
-1393.118
-1400.772
-1413.388
-1408.241
-1415.623
-1423.477
-1414.656
-1458.432
-1434.936
-1412.973
-1417.267
-1398.283
-1383.632
-1393.587
-1441.411
-1443.835
-1453.007
-1405.766
-1410.558
-1414.165
-1458.814
-1462.256
-1439.226
-1454.235
-1422.83
-1436.753
-1448.204
-1439.076
-1468.205
-1424.712
-1441.084
-1395.931
-1412.768
-1373.471
-1409.046
-1409.158
-1401.08
-1445.123
-1439.195
-1425.953
-1420.856
-1434.487
-1442.114
-1430.056
-1406.915
-1417.346
-1403.49
-1362.254
-1374.746
-1352.119
-1360.907
-1395.929
-1397.146
-1373.657
-1373.729
-1369.184
-1387.968
-1356.807
-1368.307
-1385.283
-1402.759
-1409.093
-1428.847
-1412.078
-1358.971
-1355.267
-1405.696
-1384.932
-1379.417
-1396.057
-1387.852
-1353.512
-1395.493
-1399.58
-1430.211
-1414.395
-1408.412
-1407.807
-1382.203
-1402.117
-1411.661
-1424.756
-1430.503
-1455.859
-1400.424
-1394.861
-1414.176
-1425.273
-1410.536
-1381.93
-1408.091
-1409.93
-1411.811
-1398.682
-1427.389
-1399.833
-1428.066
-1424.562
-1367.564
-1430.751
-1424.866
-1402.226
-1398.113
-1426.951
-1412.504
-1415.698
-1455.28
-1432.79
-1447.447
-1430.586
-1437.055
-1439.668
-1398.947
-1428.449
-1428.791
-1401.966
-1420.649
-1416.394
-1413.37
-1374.11
-1385.701
-1392.184
-1430.91
-1415.537
-1390.766
-1431.615
-1379.58
-1372.028
-1373.666
-1383.473
-1392.522
-1413.558
-1361.588
-1392.27
-1417.174
-1374.251
-1403.25
-1450.117
-1406.353
-1416.092
-1438.347
-1378.654
-1458.639
-1447.889
-1393.352
-1440.287
-1393.903
-1390.477
-1380.974
-1350.119
-1386.077
-1358.495
-1378.121
-1414.362
-1426.38
-1437.828
-1425.36
-1376.266
-1405.441
-1437.109
-1402.079
-1407.067
-1363.274
-1399.471
-1374.122
-1366.658
-1351.765
-1348.553
-1380.125
-1415.37
-1386.896
-1390.809
-1420.434
-1411.321
-1349.371
-1366.892
-1326.514
-1362.55
-1392.032
-1340.628
-1357.365
-1372.942
-1379.44
-1392.828
-1367.962
-1381.41
-1378.339
-1380.445
-1388.418
-1393.051
-1382.674
-1411.081
-1400.225
-1385.001
-1423.365
-1358.962
-1367.706
-1364.347
-1339.867
-1343.412
-1342.076
-1337.324
-1376.543
-1357.532
-1402.313
-1392.19
-1390.496
-1411.39
-1378.37
-1333.775
-1317.282
-1333.728
-1367.106
-1397.082
-1393.231
-1365.257
-1362.59
-1371.84
-1375.365
-1395.901
-1368.261
-1414.248
-1394.292
-1430.268
-1418.815
-1359.482
-1392.342
-1375.604
-1376.375
-1389.302
-1382.599
-1404.918
-1377.55
-1434.777
-1366.058
-1377.311
-1362.159
-1371.081
-1360.862
-1374.34
-1375.015
-1402.92
-1419.481
-1406.565
-1422.815
-1371.795
-1339.24
-1356.523
-1407.18
-1411.729
-1392.525
-1416.51
-1355.047
-1354.238
-1358.876
-1351.78
-1372.748
-1397.935
-1401.498
-1410.011
-1336.47
-1349.689
-1373.066
-1360.398
-1387.046
-1351.639
-1383.063
-1324.012
-1403.564
-1367.816
-1381.434
-1348.917
-1378.653
-1416.056
-1416.739
-1390.115
-1399.11
-1373.631
-1362.35
-1347.828
-1394.521
-1396.449
-1393.358
-1406.427
-1432.039
-1374.337
-1358.424
-1397.475
-1357.459
-1333.862
-1362.039
-1367.81
-1338.309
-1384.488
-1389.349
-1377.686
-1368.467
-1394.725
-1398.497
-1396.142
-1345.093
-1395.505
-1401.946
-1399.772
-1380.845
-1376.259
-1390.804
-1377.822
-1404.552
-1364.693
-1398.762
-1380.962
-1380.259
-1400.25
-1403.626
-1399.684
-1350.58
-1340.43
-1399.738
-1368.942
-1392.657
-1390.874
-1388.126
-1394.766
-1421.138
-1374.816
-1352.935
-1390.055
-1371.517
-1338.546
-1388.772
-1405.34
-1406.969
-1414.136
-1370.697
-1374.269
-1410.132
-1388.097
-1421.591
-1421.765
-1393.512
-1415.998
-1384.584
-1405.369
-1412.145
-1381.432
-1376.278
-1401.469
-1360.525
-1372.538
-1387.299
-1372.948
-1356.423
-1380.067
-1373.352
-1325.528
-1370.704
-1361.101
-1390.628
-1431.106
-1449.229
-1416.305
-1406.644
-1391.567
-1361.933
-1368.795
-1383.45
-1373.366
-1376.134
-1392.49
-1392.084
-1397.364
-1400.86
-1376.419
-1364.937
-1390.21
-1387.508
-1354.804
-1369.832
-1383.604
-1411.22
-1416.35
-1451.832
-1430.582
-1399.937
-1404.516
-1383.666
-1418.817
-1411.491
-1413.421
-1435.372
-1419.615
-1405.995
-1409.331
-1387.157
-1365.347
-1381.206
-1355.873
-1339.722
-1402.77
-1424.758
-1404.71
-1382.745
-1387.757
-1428.214
-1407.252
-1444.288
-1426.881
-1406.317
-1383.023
-1400.92
-1382.579
-1395.054
-1374.11
-1392.678
-1345.231
-1360.318
-1347.753
-1384.543
-1367.264
-1409.646
-1410.121
-1409.4
-1432.525
-1423.45
-1344.66
-1332.325
-1361.124
-1373.716
-1388.93
-1397.2
-1373.941
-1368.621
-1376.668
-1369.687
-1335.675
-1401.509
-1411.815
-1401.663
-1439.379
-1442.175
-1409.424
-1389.644
-1412.792
-1387.959
-1352.667
-1387.997
-1383.763
-1408.401
-1429.862
-1365.309
-1369.046
-1370.337
-1343.957
-1420.183
-1405.464
-1385.451
-1368.526
-1411.545
-1346.422
-1336.729
-1373.671
-1388.891
-1359.254
-1373.946
-1385.12
-1423.956
-1413.864
-1413.042
-1422.742
-1397.874
-1393.584
-1408.752
-1398.644
-1416.494
-1361.203
-1404.211
-1378.849
-1400.779
-1416.93
-1438.731
-1401.755
-1368.721
-1388.811
-1432.094
-1385.667
-1363.931
-1384.134
-1344.588
-1360.405
-1298.41
-1343.48
-1323.642
-1328.77
-1371.144
-1351.704
-1372.868
-1366.888
-1369.325
-1398.634
-1401.073
-1400.922
-1394.592
-1371.64
-1442.628
-1340.135
-1353.476
-1363.685
-1362.491
-1373.666
-1355.857
-1350.21
-1427.029
-1414.613
-1415.232
-1381.457
-1360.998
-1392.382
-1383.821
-1393.228
-1377.019
-1382.545
-1350.18
-1339.956
-1385.241
-1394.129
-1346.291
-1396.101
-1400.267
-1405.081
-1372.067
-1345.881
-1356.968
-1361.256
-1368.003
-1393.262
-1379.756
-1389.433
-1346.042
-1374.575
-1413.923
-1432.543
-1433.867
-1428.163
-1407.837
-1370.229
-1413.854
-1390.853
-1403.845
-1412.751
-1438.309
-1426.751
-1396.543
-1403.995
-1388.558
-1337.624
-1355.333
-1369.256
-1393.78
-1358.567
-1363.827
-1371.77
-1368.245
-1370.62
-1391.37
-1351.676
-1387.824
-1417.598
-1421.881
-1412.077
-1390.903
-1429.248
-1426.704
-1383.592
-1386.064
-1381.634
-1361.714
-1373.668
-1381.601
-1399.832
-1386.983
-1403.19
-1365.32
-1390.645
-1436.613
-1343.815
-1333.282
-1371.371
-1373.506
-1387.147
-1399.597
-1406
-1418.472
-1425.374
-1397.464
-1400.054
-1362.756
-1386.959
-1404.573
-1430.848
-1410.093
-1380.971
-1382.512
-1406.871
-1413.623
-1391.292
-1378.395
-1345.414
-1372.424
-1362.593
-1388.799
-1379.435
-1349.392
-1386.979
-1389.413
-1386.572
-1399.017
-1354.773
-1368.218
-1396.284
-1393.939
-1388.331
-1403.637
-1394.027
-1362.144
-1378.782
-1368.459
-1382.999
-1364.415
-1360.17
-1363.663
-1340.22
-1384.369
-1377.055
-1358.756
-1372.002
-1328.26
-1373.32
-1333.734
-1398.374
-1378.057
-1389.883
-1396.88
-1418.84
-1401.027
-1346.726
-1390.223
-1420.762
-1407.556
-1393.439
-1424.513
-1366.894
-1422.851
-1433.866
-1401.582
-1396.035
-1425.418
-1378.404
-1388.83
-1412.15
-1384.39
-1393.856
-1438.632
-1422.149
-1375.212
-1385.005
-1382.255
-1382.606
-1409.906
-1441.651
-1406.437
-1419.744
-1398.435
-1396.127
-1390.195
-1357.771
-1392.535
-1371.024
-1318.789
-1334.819
-1335.694
-1339.259
-1365.936
-1394.193
-1380.868
-1314.196
-1358.845
-1409.278
-1405.087
-1387.128
-1439.89
-1408.563
-1392.668
-1398.459
-1376.308
